location,lat,long,alt,year,bloom_date,bloom_doy,month,meantemp,Jan_max,tmin1,precip1,Feb_max,tmin2,precip2,latdata,longdata,altdata,datasource
liestal,47.4814,7.730519,350,1983,11/04/1983,106,2,NA,NA,NA,NA,NA,NA,NA,47.6,7.5,270,bale_mulhouse
liestal,47.4814,7.730519,350,1984,19/04/1984,115,2,NA,NA,NA,NA,NA,NA,NA,47.6,7.5,270,bale_mulhouse
liestal,47.4814,7.730519,350,1985,16/04/1985,111,2,NA,NA,NA,NA,NA,NA,NA,47.6,7.5,270,bale_mulhouse
liestal,47.4814,7.730519,350,1986,1/05/1986,126,2,NA,NA,NA,NA,NA,NA,NA,47.6,7.5,270,bale_mulhouse
liestal,47.4814,7.730519,350,1987,22/04/1987,117,2,NA,NA,NA,NA,NA,NA,NA,47.6,7.5,270,bale_mulhouse
liestal,47.4814,7.730519,350,1988,17/04/1988,113,2,NA,NA,NA,NA,NA,NA,NA,47.6,7.5,270,bale_mulhouse
liestal,47.4814,7.730519,350,1989,28/03/1989,92,2,NA,NA,NA,NA,NA,NA,NA,47.6,7.5,270,bale_mulhouse
liestal,47.4814,7.730519,350,1990,16/03/1990,80,2,NA,NA,NA,NA,NA,NA,NA,47.6,7.5,270,bale_mulhouse
liestal,47.4814,7.730519,350,1991,4/04/1991,99,2,NA,NA,NA,NA,NA,NA,NA,47.6,7.5,270,bale_mulhouse
liestal,47.4814,7.730519,350,1992,11/04/1992,107,2,NA,NA,NA,NA,NA,NA,NA,47.6,7.5,270,bale_mulhouse
liestal,47.4814,7.730519,350,1993,11/04/1993,106,2,NA,NA,NA,NA,NA,NA,NA,47.6,7.5,270,bale_mulhouse
liestal,47.4814,7.730519,350,1994,23/03/1994,87,2,NA,NA,NA,NA,NA,NA,NA,47.6,7.5,270,bale_mulhouse
liestal,47.4814,7.730519,350,1995,3/04/1995,98,2,NA,NA,NA,NA,NA,NA,NA,47.6,7.5,270,bale_mulhouse
liestal,47.4814,7.730519,350,1996,18/04/1996,114,2,0.8,NA,NA,7,NA,NA,27,47.6,7.5,270,bale_mulhouse
liestal,47.4814,7.730519,350,1997,22/03/1997,86,2,5.5,NA,NA,30,NA,NA,67,47.6,7.5,270,bale_mulhouse
liestal,47.4814,7.730519,350,1998,31/03/1998,95,2,4,NA,NA,53,NA,NA,21,47.6,7.5,270,bale_mulhouse
liestal,47.4814,7.730519,350,1999,4/04/1999,99,2,0.6,NA,NA,50,NA,NA,66,47.6,7.5,270,bale_mulhouse
liestal,47.4814,7.730519,350,2000,1/04/2000,97,2,5.2,NA,NA,20,NA,NA,80,47.6,7.5,270,bale_mulhouse
liestal,47.4814,7.730519,350,2001,30/03/2001,94,2,4,NA,NA,81,NA,NA,22,47.6,7.5,270,bale_mulhouse
liestal,47.4814,7.730519,350,2002,18/03/2002,82,2,6.7,NA,NA,15,NA,NA,85,47.6,7.5,270,bale_mulhouse
liestal,47.4814,7.730519,350,2003,2/04/2003,97,2,-0.3,NA,NA,54,NA,NA,24,47.6,7.5,270,bale_mulhouse
liestal,47.4814,7.730519,350,2004,1/04/2004,97,2,2.7,5,-0.8,123,7.6,-1.3,25,47.6,7.5,270,bale_mulhouse
liestal,47.4814,7.730519,350,2005,5/04/2005,100,2,0.6,6.1,-1.9,23,4.1,-1.9,23,47.6,7.5,270,bale_mulhouse
liestal,47.4814,7.730519,350,2006,21/04/2006,116,2,0.8,2.2,-5,11,4.1,-2,49,47.6,7.5,270,bale_mulhouse
liestal,47.4814,7.730519,350,2007,4/04/2007,99,2,6.1,8.6,2.6,44,11.2,2,67,47.6,7.5,270,bale_mulhouse
liestal,47.4814,7.730519,350,2008,29/03/2008,94,2,3.8,8.3,0.3,51,10.5,-1.5,17,47.6,7.5,270,bale_mulhouse
liestal,47.4814,7.730519,350,2009,10/04/2009,105,2,1.6,2.6,-4.2,18,5.7,-1.6,51,47.6,7.5,270,bale_mulhouse
liestal,47.4814,7.730519,350,2010,8/04/2010,103,2,2.2,1.7,-3.1,37,5.8,-0.9,63,47.6,7.5,270,bale_mulhouse
liestal,47.4814,7.730519,350,2011,31/03/2011,95,2,3.7,5.4,-0.4,35,7.9,0.5,25,47.6,7.5,270,bale_mulhouse
liestal,47.4814,7.730519,350,2012,2/04/2012,98,2,-2.6,6.4,1,50,2.3,-6.9,7,47.6,7.5,270,bale_mulhouse
liestal,47.4814,7.730519,350,2013,17/04/2013,112,2,0.4,4.2,-0.8,36,3.6,-2.3,63,47.6,7.5,270,bale_mulhouse
liestal,47.4814,7.730519,350,2014,25/03/2014,89,2,5.7,8.2,1.3,52,10.3,2.2,62,47.6,7.5,270,bale_mulhouse
liestal,47.4814,7.730519,350,2015,11/04/2015,106,2,1.6,6.3,0.4,67,5.8,-1.5,26,47.6,7.5,270,bale_mulhouse
liestal,47.4814,7.730519,350,2016,6/04/2016,102,2,5.1,7.1,1,132,8.4,2.3,84,47.6,7.5,270,bale_mulhouse
liestal,47.4814,7.730519,350,2017,26/03/2017,90,2,5.3,1.3,-4.8,37,10.1,1.4,58,47.6,7.5,270,bale_mulhouse
liestal,47.4814,7.730519,350,2018,8/04/2018,103,2,0.3,9.7,3.4,94,3.2,-2,32,47.6,7.5,270,bale_mulhouse
liestal,47.4814,7.730519,350,2019,27/03/2019,91,2,4.6,4.6,-0.7,18,11.9,-0.9,29,47.6,7.5,270,bale_mulhouse
liestal,47.4814,7.730519,350,2020,17/03/2020,82,2,7.5,8.3,-0.4,22,12.3,3.3,67,47.6,7.5,270,bale_mulhouse
liestal,47.4814,7.730519,350,2021,28/03/2021,92,2,4.7,4.8,-0.6,94,10.3,0.1,28,47.6,7.5,270,bale_mulhouse
washingtondc,38.8853496,-77.0386278,0,1983,7/04/1983,98,1,NA,NA,NA,NA,NA,NA,NA,38.95,77.45,95,dullesINT
washingtondc,38.8853496,-77.0386278,0,1984,3/04/1984,95,1,NA,NA,NA,NA,NA,NA,NA,38.95,77.45,95,dullesINT
washingtondc,38.8853496,-77.0386278,0,1985,7/04/1985,98,1,NA,NA,NA,NA,NA,NA,NA,38.95,77.45,95,dullesINT
washingtondc,38.8853496,-77.0386278,0,1986,2/04/1986,93,1,NA,NA,NA,NA,NA,NA,NA,38.95,77.45,95,dullesINT
washingtondc,38.8853496,-77.0386278,0,1987,28/03/1987,88,1,NA,NA,NA,NA,NA,NA,NA,38.95,77.45,95,dullesINT
washingtondc,38.8853496,-77.0386278,0,1988,31/03/1988,92,1,NA,NA,NA,NA,NA,NA,NA,38.95,77.45,95,dullesINT
washingtondc,38.8853496,-77.0386278,0,1989,29/03/1989,89,1,NA,NA,NA,NA,NA,NA,NA,38.95,77.45,95,dullesINT
washingtondc,38.8853496,-77.0386278,0,1990,15/03/1990,75,1,NA,NA,NA,NA,NA,NA,NA,38.95,77.45,95,dullesINT
washingtondc,38.8853496,-77.0386278,0,1991,29/03/1991,89,1,NA,NA,NA,NA,NA,NA,NA,38.95,77.45,95,dullesINT
washingtondc,38.8853496,-77.0386278,0,1992,7/04/1992,99,1,NA,NA,NA,NA,NA,NA,NA,38.95,77.45,95,dullesINT
washingtondc,38.8853496,-77.0386278,0,1993,11/04/1993,102,1,NA,NA,NA,NA,NA,NA,NA,38.95,77.45,95,dullesINT
washingtondc,38.8853496,-77.0386278,0,1994,5/04/1994,96,1,NA,NA,NA,NA,NA,NA,NA,38.95,77.45,95,dullesINT
washingtondc,38.8853496,-77.0386278,0,1995,2/04/1995,93,1,NA,NA,NA,NA,NA,NA,NA,38.95,77.45,95,dullesINT
washingtondc,38.8853496,-77.0386278,0,1996,4/04/1996,96,1,NA,NA,NA,NA,NA,NA,NA,38.95,77.45,95,dullesINT
washingtondc,38.8853496,-77.0386278,0,1997,26/03/1997,86,1,NA,NA,NA,NA,NA,NA,NA,38.95,77.45,95,dullesINT
washingtondc,38.8853496,-77.0386278,0,1998,27/03/1998,87,1,NA,NA,NA,NA,NA,NA,NA,38.95,77.45,95,dullesINT
washingtondc,38.8853496,-77.0386278,0,1999,5/04/1999,96,1,NA,NA,NA,NA,NA,NA,NA,38.95,77.45,95,dullesINT
washingtondc,38.8853496,-77.0386278,0,2000,17/03/2000,78,1,NA,NA,NA,NA,NA,NA,NA,38.95,77.45,95,dullesINT
washingtondc,38.8853496,-77.0386278,0,2001,6/04/2001,97,1,NA,NA,NA,NA,NA,NA,NA,38.95,77.45,95,dullesINT
washingtondc,38.8853496,-77.0386278,0,2002,2/04/2002,93,1,NA,NA,NA,NA,NA,NA,NA,38.95,77.45,95,dullesINT
washingtondc,38.8853496,-77.0386278,0,2003,2/04/2003,93,1,NA,NA,NA,NA,NA,NA,NA,38.95,77.45,95,dullesINT
washingtondc,38.8853496,-77.0386278,0,2004,31/03/2004,92,1,NA,NA,NA,NA,NA,NA,NA,38.95,77.45,95,dullesINT
washingtondc,38.8853496,-77.0386278,0,2005,9/04/2005,100,1,NA,NA,NA,NA,NA,NA,NA,38.95,77.45,95,dullesINT
washingtondc,38.8853496,-77.0386278,0,2006,30/03/2006,90,1,NA,NA,NA,NA,NA,NA,NA,38.95,77.45,95,dullesINT
washingtondc,38.8853496,-77.0386278,0,2007,1/04/2007,92,1,NA,NA,NA,NA,NA,NA,NA,38.95,77.45,95,dullesINT
washingtondc,38.8853496,-77.0386278,0,2008,26/03/2008,87,1,NA,NA,NA,NA,NA,NA,NA,38.95,77.45,95,dullesINT
washingtondc,38.8853496,-77.0386278,0,2009,1/04/2009,92,1,NA,NA,NA,NA,NA,NA,NA,38.95,77.45,95,dullesINT
washingtondc,38.8853496,-77.0386278,0,2010,31/03/2010,91,1,0.8,5.3,-3.7,49,3.7,-4.8,62,38.95,77.45,95,dullesINT
washingtondc,38.8853496,-77.0386278,0,2011,29/03/2011,89,1,-1.1,3.3,-5.4,48,9.3,-2.4,56,38.95,77.45,95,dullesINT
washingtondc,38.8853496,-77.0386278,0,2012,20/03/2012,81,1,3.2,8.8,-2.3,47,10.6,-0.6,57,38.95,77.45,95,dullesINT
washingtondc,38.8853496,-77.0386278,0,2013,9/04/2013,100,1,3,7.8,-1.8,94,6.2,-2.5,41,38.95,77.45,95,dullesINT
washingtondc,38.8853496,-77.0386278,0,2014,10/04/2014,101,1,-2.6,2.7,-8,68,5.3,-4.9,97,38.95,77.45,95,dullesINT
washingtondc,38.8853496,-77.0386278,0,2015,10/04/2015,101,1,-1.2,3.4,-5.8,83,2.1,-9.3,45,38.95,77.45,95,dullesINT
washingtondc,38.8853496,-77.0386278,0,2016,25/03/2016,86,1,-0.2,5.3,-5.8,114,7.6,-2,96,38.95,77.45,95,dullesINT
washingtondc,38.8853496,-77.0386278,0,2017,25/03/2017,85,1,4.1,8.2,0.1,70,13.8,0.5,18,38.95,77.45,95,dullesINT
washingtondc,38.8853496,-77.0386278,0,2018,5/04/2018,96,1,0.3,6.3,-5.8,45,11.1,0.6,117,38.95,77.45,95,dullesINT
washingtondc,38.8853496,-77.0386278,0,2019,1/04/2019,92,1,0.3,5.1,-4.5,101,8.6,-1.6,89,38.95,77.45,95,dullesINT
washingtondc,38.8853496,-77.0386278,0,2020,20/03/2020,81,1,3.9,8.7,-0.9,85,10.7,-0.2,82,38.95,77.45,95,dullesINT
washingtondc,38.8853496,-77.0386278,0,2021,28/03/2021,88,1,2,6.5,-2.5,48,5.9,-2,109,38.95,77.45,95,dullesINT
Wakkanai,45.415,141.6788889,2.85,2004,12/05/2004,133,1,-3.9,-2.2,-5.8,91,-0.8,-5.5,114,45.4,141.67,2,Wakkanai
Wakkanai,45.415,141.6788889,2.85,2005,28/05/2005,148,1,-4.6,-2.6,-6.6,87,-3.7,-8.1,55,45.4,141.67,2,Wakkanai
Wakkanai,45.415,141.6788889,2.85,2006,20/05/2006,140,1,-5.5,-3.6,-7.7,70,-2.1,-7.3,71,45.4,141.67,2,Wakkanai
Wakkanai,45.415,141.6788889,2.85,2007,17/05/2007,137,1,-3.7,-1.9,-6,35,-0.6,-5.9,71,45.4,141.67,2,Wakkanai
Wakkanai,45.415,141.6788889,2.85,2008,5/05/2008,126,1,-6,-4.1,-8.1,78,-2.4,-7.7,40,45.4,141.67,2,Wakkanai
Wakkanai,45.415,141.6788889,2.85,2009,12/05/2009,132,1,-2.4,-0.5,-4.4,71,-1.9,-6.7,147,45.4,141.67,2,Wakkanai
Wakkanai,45.415,141.6788889,2.85,2010,25/05/2010,145,1,-3.4,-1.2,-6.1,76,-2.8,-7.5,110,45.4,141.67,2,Wakkanai
Wakkanai,45.415,141.6788889,2.85,2011,25/05/2011,145,1,-5.1,-3.5,-6.8,65,0,-4.9,40,45.4,141.67,2,Wakkanai
Wakkanai,45.415,141.6788889,2.85,2012,18/05/2012,139,1,-5.4,-3.6,-7.4,80,-4.1,-8.7,77,45.4,141.67,2,Wakkanai
Wakkanai,45.415,141.6788889,2.85,2013,28/05/2013,148,1,-5.8,-4.1,-7.4,124,-3,-7.6,49,45.4,141.67,2,Wakkanai
Wakkanai,45.415,141.6788889,2.85,2014,13/05/2014,133,1,-5.3,-2.9,-7.7,105,-2,-6.5,44,45.4,141.67,2,Wakkanai
Wakkanai,45.415,141.6788889,2.85,2015,6/05/2015,126,1,-2.9,-1.1,-5,56,0.2,-4,49,45.4,141.67,2,Wakkanai
Wakkanai,45.415,141.6788889,2.85,2016,15/05/2016,136,1,-5.2,-3.5,-6.8,119,-2.5,-7.2,116,45.4,141.67,2,Wakkanai
Wakkanai,45.415,141.6788889,2.85,2017,11/05/2017,131,1,-4.3,-2.4,-6.4,47,-0.9,-5.6,38,45.4,141.67,2,Wakkanai
Wakkanai,45.415,141.6788889,2.85,2018,15/05/2018,135,1,-3.6,-1.6,-5.6,122,-3,-7.6,75,45.4,141.67,2,Wakkanai
Wakkanai,45.415,141.6788889,2.85,2019,9/05/2019,129,1,-4.1,-2,-6.3,56,-2.3,-7.1,47,45.4,141.67,2,Wakkanai
Wakkanai,45.415,141.6788889,2.85,2020,12/05/2020,133,1,-3.7,-1.8,-6.1,35,-2.2,-6.5,40,45.4,141.67,2,Wakkanai
Wakkanai,45.415,141.6788889,2.85,2021,11/05/2021,131,1,-6,-3.8,-8.3,102,-1.5,-5.9,112,45.4,141.67,2,Wakkanai
Asahikawa,43.75694444,142.3722222,119.8,2004,9/05/2004,130,1,-6.6,-2.8,-11.4,60,-0.3,-9.2,114,43.75,142.37,119,Asahikawa
Asahikawa,43.75694444,142.3722222,119.8,2005,17/05/2005,137,1,-7.7,-3.7,-13,60,-3.3,-12.3,50,43.75,142.37,119,Asahikawa
Asahikawa,43.75694444,142.3722222,119.8,2006,12/05/2006,132,1,-8.5,-4.8,-12.8,60,-1.7,-11,74,43.75,142.37,119,Asahikawa
Asahikawa,43.75694444,142.3722222,119.8,2007,8/05/2007,128,1,-5.6,-2,-9.9,75,-0.3,-10.6,47,43.75,142.37,119,Asahikawa
Asahikawa,43.75694444,142.3722222,119.8,2008,26/04/2008,117,1,-8.4,-4.7,-13.3,36,-2.2,-13.7,51,43.75,142.37,119,Asahikawa
Asahikawa,43.75694444,142.3722222,119.8,2009,4/05/2009,124,1,-5.2,-1.4,-9.8,50,-1.7,-9.8,70,43.75,142.37,119,Asahikawa
Asahikawa,43.75694444,142.3722222,119.8,2010,13/05/2010,133,1,-5.1,-1.7,-9,79,-1.7,-11.6,39,43.75,142.37,119,Asahikawa
Asahikawa,43.75694444,142.3722222,119.8,2011,12/05/2011,132,1,-7.8,-4.5,-11.8,83,0.4,-10.6,49,43.75,142.37,119,Asahikawa
Asahikawa,43.75694444,142.3722222,119.8,2012,2/05/2012,123,1,-9.4,-5.1,-14.8,46,-4.1,-13.3,79,43.75,142.37,119,Asahikawa
Asahikawa,43.75694444,142.3722222,119.8,2013,20/05/2013,140,1,-9.3,-5.2,-14.1,47,-2.7,-12.1,48,43.75,142.37,119,Asahikawa
Asahikawa,43.75694444,142.3722222,119.8,2014,4/05/2014,124,1,-7.9,-4,-12.6,134,-2.2,-11.6,34,43.75,142.37,119,Asahikawa
Asahikawa,43.75694444,142.3722222,119.8,2015,28/04/2015,118,1,-5.1,-1.5,-9.1,57,0.1,-8.4,21,43.75,142.37,119,Asahikawa
Asahikawa,43.75694444,142.3722222,119.8,2016,4/05/2016,125,1,-6.6,-3.5,-10.1,55,-1.5,-9.8,95,43.75,142.37,119,Asahikawa
Asahikawa,43.75694444,142.3722222,119.8,2017,5/05/2017,125,1,-7.9,-4,-12.6,36,-1.1,-9.9,45,43.75,142.37,119,Asahikawa
Asahikawa,43.75694444,142.3722222,119.8,2018,1/05/2018,121,1,-5.8,-2.3,-9.8,76,-3,-12.7,62,43.75,142.37,119,Asahikawa
Asahikawa,43.75694444,142.3722222,119.8,2019,4/05/2019,124,1,-6.8,-2.9,-11.4,69,-1.8,-10.1,76,43.75,142.37,119,Asahikawa
Asahikawa,43.75694444,142.3722222,119.8,2020,4/05/2020,125,1,-6.9,-3,-11.7,40,-1.3,-11,49,43.75,142.37,119,Asahikawa
Asahikawa,43.75694444,142.3722222,119.8,2021,3/05/2021,123,1,-8.2,-3.9,-13.2,68,-1.2,-9.5,108,43.75,142.37,119,Asahikawa
Abashiri,44.01777778,144.2797222,37.58,2004,13/05/2004,134,1,-4.1,-1.4,-7.7,119,-0.5,-7.9,84,44.02,144.27,37,Abashiri
Abashiri,44.01777778,144.2797222,37.58,2005,25/05/2005,145,1,-5.2,-2.2,-9.2,60,-3.6,-10.4,36,44.02,144.27,37,Abashiri
Abashiri,44.01777778,144.2797222,37.58,2006,17/05/2006,137,1,-6,-3.1,-10,69,-1.3,-9.5,32,44.02,144.27,37,Abashiri
Abashiri,44.01777778,144.2797222,37.58,2007,16/05/2007,136,1,-4.6,-1.7,-8.3,39,-0.2,-8.3,41,44.02,144.27,37,Abashiri
Abashiri,44.01777778,144.2797222,37.58,2008,5/05/2008,126,1,-6.8,-3.4,-10.9,39,-2.6,-10.4,46,44.02,144.27,37,Abashiri
Abashiri,44.01777778,144.2797222,37.58,2009,7/05/2009,127,1,-2.8,0,-6.6,37,-0.9,-9.1,47,44.02,144.27,37,Abashiri
Abashiri,44.01777778,144.2797222,37.58,2010,18/05/2010,138,1,-3.9,-0.8,-7.6,64,-1.8,-9.3,32,44.02,144.27,37,Abashiri
Abashiri,44.01777778,144.2797222,37.58,2011,18/05/2011,138,1,-6.3,-3.5,-10,47,0,-8.5,49,44.02,144.27,37,Abashiri
Abashiri,44.01777778,144.2797222,37.58,2012,5/05/2012,126,1,-6.2,-3.4,-10,60,-4.1,-11.9,24,44.02,144.27,37,Abashiri
Abashiri,44.01777778,144.2797222,37.58,2013,27/05/2013,147,1,-7.2,-4.3,-11.1,66,-2.8,-9.9,39,44.02,144.27,37,Abashiri
Abashiri,44.01777778,144.2797222,37.58,2014,11/05/2014,131,1,-6,-2.7,-10.7,52,-2,-9.1,72,44.02,144.27,37,Abashiri
Abashiri,44.01777778,144.2797222,37.58,2015,3/05/2015,123,1,-3.9,-1.1,-7.5,75,-0.5,-6.3,70,44.02,144.27,37,Abashiri
Abashiri,44.01777778,144.2797222,37.58,2016,10/05/2016,131,1,-5.5,-2.6,-9.1,78,-1.4,-9.5,48,44.02,144.27,37,Abashiri
Abashiri,44.01777778,144.2797222,37.58,2017,7/05/2017,127,1,-5.2,-2.6,-8.6,34,-1.4,-8,46,44.02,144.27,37,Abashiri
Abashiri,44.01777778,144.2797222,37.58,2018,6/05/2018,126,1,-4.1,-1.4,-7.5,42,-2.9,-11.3,33,44.02,144.27,37,Abashiri
Abashiri,44.01777778,144.2797222,37.58,2019,7/05/2019,127,1,-5.3,-2.3,-9.1,50,-2.1,-9.9,11,44.02,144.27,37,Abashiri
Abashiri,44.01777778,144.2797222,37.58,2020,9/05/2020,130,1,-4.4,-1.6,-7.8,37,-2.3,-9.6,39,44.02,144.27,37,Abashiri
Abashiri,44.01777778,144.2797222,37.58,2021,7/05/2021,127,1,-6.3,-2.7,-10.9,49,-0.8,-9.4,40,44.02,144.27,37,Abashiri
Sapporo,43.06,141.3286111,17.45,2004,9/05/2004,130,1,-2.5,0.4,-5.8,139,1.7,-4.7,159,43.05,141.32,17,Sapporo
Sapporo,43.06,141.3286111,17.45,2005,16/05/2005,136,1,-3.5,-0.6,-7.1,154,-1.2,-7.3,121,43.05,141.32,17,Sapporo
Sapporo,43.06,141.3286111,17.45,2006,12/05/2006,132,1,-4.1,-1.5,-6.8,132,0.5,-6.2,89,43.05,141.32,17,Sapporo
Sapporo,43.06,141.3286111,17.45,2007,8/05/2007,128,1,-1.8,0.8,-4.7,112,1.8,-5.2,112,43.05,141.32,17,Sapporo
Sapporo,43.06,141.3286111,17.45,2008,25/04/2008,116,1,-4.3,-1.8,-6.9,111,0,-7.5,111,43.05,141.32,17,Sapporo
Sapporo,43.06,141.3286111,17.45,2009,4/05/2009,124,1,-1.3,1.7,-4.5,103,0.8,-5.6,143,43.05,141.32,17,Sapporo
Sapporo,43.06,141.3286111,17.45,2010,14/05/2010,134,1,-2,0.7,-4.9,112,-0.3,-6.3,60,43.05,141.32,17,Sapporo
Sapporo,43.06,141.3286111,17.45,2011,12/05/2011,132,1,-3.8,-1.2,-6.7,120,2.4,-4.5,70,43.05,141.32,17,Sapporo
Sapporo,43.06,141.3286111,17.45,2012,2/05/2012,123,1,-4.5,-1.6,-7.6,72,-1.3,-7.8,57,43.05,141.32,17,Sapporo
Sapporo,43.06,141.3286111,17.45,2013,17/05/2013,137,1,-4.7,-2,-8,102,-0.9,-7.8,117,43.05,141.32,17,Sapporo
Sapporo,43.06,141.3286111,17.45,2014,1/05/2014,121,1,-4.1,-1,-7.4,112,-0.3,-7,89,43.05,141.32,17,Sapporo
Sapporo,43.06,141.3286111,17.45,2015,26/04/2015,116,1,-1.5,1.2,-4.6,144,1.9,-3.6,60,43.05,141.32,17,Sapporo
Sapporo,43.06,141.3286111,17.45,2016,1/05/2016,122,1,-3.5,-1.3,-5.9,74,0.7,-5.5,110,43.05,141.32,17,Sapporo
Sapporo,43.06,141.3286111,17.45,2017,3/05/2017,123,1,-3.9,-1.1,-7,73,1,-5.3,58,43.05,141.32,17,Sapporo
Sapporo,43.06,141.3286111,17.45,2018,29/04/2018,119,1,-2.6,0,-5.5,100,-1,-7.6,43,43.05,141.32,17,Sapporo
Sapporo,43.06,141.3286111,17.45,2019,29/04/2019,119,1,-3,-0.2,-5.9,86,0.3,-5.7,33,43.05,141.32,17,Sapporo
Sapporo,43.06,141.3286111,17.45,2020,2/05/2020,123,1,-2.3,0.4,-5.3,52,0.8,-5.2,157,43.05,141.32,17,Sapporo
Sapporo,43.06,141.3286111,17.45,2021,27/04/2021,117,1,-4.4,-1.2,-8.2,91,1.4,-5.6,79,43.05,141.32,17,Sapporo
Kushiro,42.98583333,144.3777778,4.5,2004,19/05/2004,140,1,-3.9,0.2,-8.6,102,1.1,-8,49,42.98,144.38,4,Kushiro
Kushiro,42.95305556,144.4375,14.05,2004,19/05/2004,140,1,-3.9,0.2,-8.6,102,1.1,-8,49,42.98,144.38,4,Kushiro
Kushiro,42.98583333,144.3777778,4.5,2005,26/05/2005,146,1,-4.3,0.2,-10,12,-0.8,-9.9,27,42.98,144.38,4,Kushiro
Kushiro,42.95305556,144.4375,14.05,2005,26/05/2005,146,1,-4.3,0.2,-10,12,-0.8,-9.9,27,42.98,144.38,4,Kushiro
Kushiro,42.98583333,144.3777778,4.5,2006,21/05/2006,141,1,-5.9,-1.1,-11.8,30,0.3,-8.5,16,42.98,144.38,4,Kushiro
Kushiro,42.95305556,144.4375,14.05,2006,21/05/2006,141,1,-5.9,-1.1,-11.8,30,0.3,-8.5,16,42.98,144.38,4,Kushiro
Kushiro,42.98583333,144.3777778,4.5,2007,20/05/2007,140,1,-4,0.8,-8.8,43,0.8,-8.3,32,42.98,144.38,4,Kushiro
Kushiro,42.95305556,144.4375,14.05,2007,20/05/2007,140,1,-4,0.8,-8.8,43,0.8,-8.3,32,42.98,144.38,4,Kushiro
Kushiro,42.98583333,144.3777778,4.5,2008,19/05/2008,140,1,-6.4,-1.4,-12.1,8,0,-9.6,9,42.98,144.38,4,Kushiro
Kushiro,42.95305556,144.4375,14.05,2008,19/05/2008,140,1,-6.4,-1.4,-12.1,8,0,-9.6,9,42.98,144.38,4,Kushiro
Kushiro,42.98583333,144.3777778,4.5,2009,14/05/2009,134,1,-2.1,1.6,-6.7,57,0.2,-9.3,57,42.98,144.38,4,Kushiro
Kushiro,42.95305556,144.4375,14.05,2009,14/05/2009,134,1,-2.1,1.6,-6.7,57,0.2,-9.3,57,42.98,144.38,4,Kushiro
Kushiro,42.98583333,144.3777778,4.5,2010,22/05/2010,142,1,-3.6,0.6,-9.2,31,-0.5,-9.6,5,42.98,144.38,4,Kushiro
Kushiro,42.95305556,144.4375,14.05,2010,22/05/2010,142,1,-3.6,0.6,-9.2,31,-0.5,-9.6,5,42.98,144.38,4,Kushiro
Kushiro,42.98583333,144.3777778,4.5,2011,21/05/2011,141,1,-5.6,-1.1,-10.4,4,1.1,-7.9,12,42.98,144.38,4,Kushiro
Kushiro,42.95305556,144.4375,14.05,2011,21/05/2011,141,1,-5.6,-1.1,-10.4,4,1.1,-7.9,12,42.98,144.38,4,Kushiro
Kushiro,42.98583333,144.3777778,4.5,2012,20/05/2012,141,1,-5.8,-1.2,-11.1,49,-1.8,-12.2,11,42.98,144.38,4,Kushiro
Kushiro,42.95305556,144.4375,14.05,2012,20/05/2012,141,1,-5.8,-1.2,-11.1,49,-1.8,-12.2,11,42.98,144.38,4,Kushiro
Kushiro,42.98583333,144.3777778,4.5,2013,25/05/2013,145,1,-6.9,-1.9,-12.7,15,-0.7,-10.2,21,42.98,144.38,4,Kushiro
Kushiro,42.95305556,144.4375,14.05,2013,25/05/2013,145,1,-6.9,-1.9,-12.7,15,-0.7,-10.2,21,42.98,144.38,4,Kushiro
Kushiro,42.98583333,144.3777778,4.5,2014,14/05/2014,134,1,-4.9,0.2,-11,27,0,-9.2,34,42.98,144.38,4,Kushiro
Kushiro,42.95305556,144.4375,14.05,2014,14/05/2014,134,1,-4.9,0.2,-11,27,0,-9.2,34,42.98,144.38,4,Kushiro
Kushiro,42.98583333,144.3777778,4.5,2015,8/05/2015,128,1,-3.3,0.7,-8,37,0.9,-5.8,77,42.98,144.38,4,Kushiro
Kushiro,42.95305556,144.4375,14.05,2015,8/05/2015,128,1,-3.3,0.7,-8,37,0.9,-5.8,77,42.98,144.38,4,Kushiro
Kushiro,42.98583333,144.3777778,4.5,2016,13/05/2016,134,1,-4.4,-0.1,-10,33,0.6,-9.5,52,42.98,144.38,4,Kushiro
Kushiro,42.95305556,144.4375,14.05,2016,13/05/2016,134,1,-4.4,-0.1,-10,33,0.6,-9.5,52,42.98,144.38,4,Kushiro
Kushiro,42.98583333,144.3777778,4.5,2017,18/05/2017,138,1,-5.8,-1.1,-11.1,26,0.3,-8.1,13,42.98,144.38,4,Kushiro
Kushiro,42.95305556,144.4375,14.05,2017,18/05/2017,138,1,-5.8,-1.1,-11.1,26,0.3,-8.1,13,42.98,144.38,4,Kushiro
Kushiro,42.98583333,144.3777778,4.5,2018,14/05/2018,134,1,-3.2,0.7,-7.7,13,-0.5,-10.4,13,42.98,144.38,4,Kushiro
Kushiro,42.95305556,144.4375,14.05,2018,14/05/2018,134,1,-3.2,0.7,-7.7,13,-0.5,-10.4,13,42.98,144.38,4,Kushiro
Kushiro,42.98583333,144.3777778,4.5,2019,13/05/2019,133,1,-5,0,-10.7,18,-0.3,-10.5,18,42.98,144.38,4,Kushiro
Kushiro,42.95305556,144.4375,14.05,2019,13/05/2019,133,1,-5,0,-10.7,18,-0.3,-10.5,18,42.98,144.38,4,Kushiro
Kushiro,42.98583333,144.3777778,4.5,2020,13/05/2020,134,1,-4,0.3,-8.9,35,0.1,-8.8,27,42.98,144.38,4,Kushiro
Kushiro,42.95305556,144.4375,14.05,2020,13/05/2020,134,1,-4,0.3,-8.9,35,0.1,-8.8,27,42.98,144.38,4,Kushiro
Kushiro,42.98583333,144.3777778,4.5,2021,11/05/2021,131,1,-5.9,-1.4,-11.6,65,0.6,-9.6,58,42.98,144.38,4,Kushiro
Kushiro,42.95305556,144.4375,14.05,2021,11/05/2021,131,1,-5.9,-1.4,-11.6,65,0.6,-9.6,58,42.98,144.38,4,Kushiro
Nemuro,43.33055556,145.5855556,25.2,2004,19/05/2004,140,1,-2.3,-0.2,-4.7,55,0.2,-5.6,45,43.33,145.58,25,Nemuro
Nemuro,43.33055556,145.5855556,25.2,2005,29/05/2005,149,1,-2.9,-0.4,-6.4,26,-2.1,-6.8,20,43.33,145.58,25,Nemuro
Nemuro,43.33055556,145.5855556,25.2,2006,22/05/2006,142,1,-4.3,-2.1,-7.2,41,-0.6,-7.7,29,43.33,145.58,25,Nemuro
Nemuro,43.33055556,145.5855556,25.2,2007,23/05/2007,143,1,-3.2,-0.7,-6.3,25,0.3,-5.6,23,43.33,145.58,25,Nemuro
Nemuro,43.33055556,145.5855556,25.2,2008,22/05/2008,143,1,-4.9,-2.3,-8.2,7,-1.5,-8.1,11,43.33,145.58,25,Nemuro
Nemuro,43.33055556,145.5855556,25.2,2009,16/05/2009,136,1,-1.2,1.1,-3.9,27,-0.7,-6.5,34,43.33,145.58,25,Nemuro
Nemuro,43.33055556,145.5855556,25.2,2010,24/05/2010,144,1,-2.5,0.1,-5.9,21,-1.3,-7,16,43.33,145.58,25,Nemuro
Hakodate,41.81666667,140.7541667,35,2004,30/04/2004,121,1,-1.4,2.1,-4.8,77,3.6,-4.1,202,41.82,140.75,35,Hakodate
Hakodate,41.81666667,140.7541667,35,2005,5/05/2005,125,1,-2,1.1,-5.5,132,0.1,-7.2,97,41.82,140.75,35,Hakodate
Hakodate,41.81666667,140.7541667,35,2006,12/05/2006,132,1,-3.6,-0.4,-7.4,54,1.4,-5.9,56,41.82,140.75,35,Hakodate
Hakodate,41.81666667,140.7541667,35,2007,4/05/2007,124,1,-0.4,2.7,-3.7,101,4.4,-3.7,60,41.82,140.75,35,Hakodate
Hakodate,41.81666667,140.7541667,35,2008,26/04/2008,117,1,-3.8,-0.5,-7.5,43,1.3,-6.6,53,41.82,140.75,35,Hakodate
Hakodate,41.81666667,140.7541667,35,2009,1/05/2009,121,1,-0.4,2.7,-3.9,82,2.4,-5.5,102,41.82,140.75,35,Hakodate
Hakodate,41.81666667,140.7541667,35,2010,10/05/2010,130,1,-1.7,1.3,-4.9,74,1,-7.1,44,41.82,140.75,35,Hakodate
Hakodate,41.81666667,140.7541667,35,2011,6/05/2011,126,1,-4.3,-0.8,-8.2,53,3.4,-4.8,40,41.82,140.75,35,Hakodate
Hakodate,41.81666667,140.7541667,35,2012,5/05/2012,126,1,-4.3,-0.7,-8.2,55,-0.5,-7.9,118,41.82,140.75,35,Hakodate
Hakodate,41.81666667,140.7541667,35,2013,12/05/2013,132,1,-4.3,-0.8,-8.3,66,0.4,-7,67,41.82,140.75,35,Hakodate
Hakodate,41.81666667,140.7541667,35,2014,1/05/2014,121,1,-3.5,0.1,-7.7,103,1,-7.2,30,41.82,140.75,35,Hakodate
Hakodate,41.81666667,140.7541667,35,2015,24/04/2015,114,1,-0.9,2.3,-4.6,43,3.4,-3.3,53,41.82,140.75,35,Hakodate
Hakodate,41.81666667,140.7541667,35,2016,26/04/2016,117,1,-2.5,0.4,-5.6,82,2.4,-5.1,80,41.82,140.75,35,Hakodate
Hakodate,41.81666667,140.7541667,35,2017,30/04/2017,120,1,-1.9,1.3,-5.7,70,2.4,-5.2,44,41.82,140.75,35,Hakodate
Hakodate,41.81666667,140.7541667,35,2018,28/04/2018,118,1,-1.8,1.2,-5.4,127,0.1,-7.2,109,41.82,140.75,35,Hakodate
Hakodate,41.81666667,140.7541667,35,2019,29/04/2019,119,1,-2.3,1.1,-6.3,65,1.7,-5.8,32,41.82,140.75,35,Hakodate
Hakodate,41.81666667,140.7541667,35,2020,1/05/2020,122,1,-0.9,2.3,-4.4,41,2.7,-4.2,50,41.82,140.75,35,Hakodate
Hakodate,41.81666667,140.7541667,35,2021,23/04/2021,113,1,-3.5,0.1,-7.6,86,2.1,-6,89,41.82,140.75,35,Hakodate
Aomori,40.82166667,140.7688889,2.8,2004,21/04/2004,112,1,-0.4,2.7,-3.2,127,4.2,-2.4,121,40.82,140.77,2,Aomori
Aomori,40.82166667,140.7688889,2.8,2005,2/05/2005,122,1,-0.7,1.7,-3.4,278,0.4,-4.5,185,40.82,140.77,2,Aomori
Aomori,40.82166667,140.7688889,2.8,2006,6/05/2006,126,1,-2,0.5,-4.4,155,2.3,-4.4,108,40.82,140.77,2,Aomori
Aomori,40.82166667,140.7688889,2.8,2007,29/04/2007,119,1,0.8,3.5,-1.6,165,5.2,-1.8,65,40.82,140.77,2,Aomori
Aomori,40.82166667,140.7688889,2.8,2008,21/04/2008,112,1,-1.7,0.7,-3.9,116,1.9,-3.8,84,40.82,140.77,2,Aomori
Aomori,40.82166667,140.7688889,2.8,2009,22/04/2009,112,1,-0.1,3.3,-3.5,128,3.4,-2.7,136,40.82,140.77,2,Aomori
Aomori,40.82166667,140.7688889,2.8,2010,2/05/2010,122,1,-0.5,2,-3,176,2.4,-4.2,78,40.82,140.77,2,Aomori
Aomori,40.82166667,140.7688889,2.8,2011,28/04/2011,118,1,-2.6,0.1,-4.9,209,4.2,-3.6,39,40.82,140.77,2,Aomori
Aomori,40.82166667,140.7688889,2.8,2012,1/05/2012,122,1,-2.6,-0.2,-4.8,143,0.6,-5.1,115,40.82,140.77,2,Aomori
Aomori,40.82166667,140.7688889,2.8,2013,6/05/2013,126,1,-2.4,0.3,-4.7,127,1.2,-4.5,148,40.82,140.77,2,Aomori
Aomori,40.82166667,140.7688889,2.8,2014,25/04/2014,115,1,-1.6,1,-4.4,168,1.8,-4.1,89,40.82,140.77,2,Aomori
Aomori,40.82166667,140.7688889,2.8,2015,19/04/2015,109,1,-0.2,2.5,-2.7,134,4.3,-1.5,45,40.82,140.77,2,Aomori
Aomori,40.82166667,140.7688889,2.8,2016,21/04/2016,112,1,-0.8,1.5,-2.8,149,3.5,-3,77,40.82,140.77,2,Aomori
Aomori,40.82166667,140.7688889,2.8,2017,21/04/2017,111,1,-0.4,2.4,-3.2,84,3.1,-2.7,109,40.82,140.77,2,Aomori
Aomori,40.82166667,140.7688889,2.8,2018,22/04/2018,112,1,-0.9,2,-3.4,104,1.4,-5.1,98,40.82,140.77,2,Aomori
Aomori,40.82166667,140.7688889,2.8,2019,22/04/2019,112,1,-0.6,2,-3.1,96,3.1,-3,95,40.82,140.77,2,Aomori
Aomori,40.82166667,140.7688889,2.8,2020,21/04/2020,112,1,0.9,3.8,-1.7,83,4.5,-1.7,67,40.82,140.77,2,Aomori
Aomori,40.82166667,140.7688889,2.8,2021,17/04/2021,107,1,-1.9,0.8,-4.4,147,2.8,-4.2,97,40.82,140.77,2,Aomori
Akita,39.7175,140.0991667,6.3,2004,16/04/2004,107,1,0.6,3.1,-2,141,5.6,-1.1,89,39.72,140.08,6,Akita
Akita,39.7175,140.0991667,6.3,2004,16/04/2004,107,1,0.6,3.1,-2,141,5.6,-1.1,89,39.72,140.08,6,Akita
Akita,39.7175,140.0991667,6.3,2005,28/04/2005,118,1,0.4,3.2,-2.2,188,2,-2.9,97,39.72,140.08,6,Akita
Akita,39.7175,140.0991667,6.3,2005,28/04/2005,118,1,0.4,3.2,-2.2,188,2,-2.9,97,39.72,140.08,6,Akita
Akita,39.7175,140.0991667,6.3,2006,26/04/2006,116,1,-0.7,1.8,-3.3,81,4.2,-2.4,121,39.72,140.08,6,Akita
Akita,39.7175,140.0991667,6.3,2006,26/04/2006,116,1,-0.7,1.8,-3.3,81,4.2,-2.4,121,39.72,140.08,6,Akita
Akita,39.7175,140.0991667,6.3,2007,23/04/2007,113,1,2.7,5.5,0,115,6.7,-0.7,55,39.72,140.08,6,Akita
Akita,39.7175,140.0991667,6.3,2007,23/04/2007,113,1,2.7,5.5,0,115,6.7,-0.7,55,39.72,140.08,6,Akita
Akita,39.7175,140.0991667,6.3,2008,15/04/2008,106,1,-0.3,2.3,-2.7,77,2.9,-2.7,77,39.72,140.08,6,Akita
Akita,39.7175,140.0991667,6.3,2008,15/04/2008,106,1,-0.3,2.3,-2.7,77,2.9,-2.7,77,39.72,140.08,6,Akita
Akita,39.7175,140.0991667,6.3,2009,19/04/2009,109,1,1.3,4.1,-1.5,182,4.9,-1.5,134,39.72,140.08,6,Akita
Akita,39.7175,140.0991667,6.3,2009,19/04/2009,109,1,1.3,4.1,-1.5,182,4.9,-1.5,134,39.72,140.08,6,Akita
Akita,39.7175,140.0991667,6.3,2010,28/04/2010,118,1,0.9,3.8,-1.6,165,3.7,-2.7,84,39.72,140.08,6,Akita
Akita,39.7175,140.0991667,6.3,2010,28/04/2010,118,1,0.9,3.8,-1.6,165,3.7,-2.7,84,39.72,140.08,6,Akita
Akita,39.7175,140.0991667,6.3,2011,27/04/2011,117,1,-1.3,1.1,-3.7,96,4.9,-2.4,79,39.72,140.08,6,Akita
Akita,39.7175,140.0991667,6.3,2011,27/04/2011,117,1,-1.3,1.1,-3.7,96,4.9,-2.4,79,39.72,140.08,6,Akita
Akita,39.7175,140.0991667,6.3,2012,26/04/2012,117,1,-1.1,1.2,-3.4,68,2.1,-3.8,66,39.72,140.08,6,Akita
Akita,39.7175,140.0991667,6.3,2012,26/04/2012,117,1,-1.1,1.2,-3.4,68,2.1,-3.8,66,39.72,140.08,6,Akita
Akita,39.7175,140.0991667,6.3,2013,29/04/2013,119,1,-0.9,1.8,-3.4,138,2.3,-3.1,93,39.72,140.08,6,Akita
Akita,39.7175,140.0991667,6.3,2013,29/04/2013,119,1,-0.9,1.8,-3.4,138,2.3,-3.1,93,39.72,140.08,6,Akita
Akita,39.7175,140.0991667,6.3,2014,24/04/2014,114,1,0,3.2,-2.8,143,3.1,-2.9,94,39.72,140.08,6,Akita
Akita,39.7175,140.0991667,6.3,2014,24/04/2014,114,1,0,3.2,-2.8,143,3.1,-2.9,94,39.72,140.08,6,Akita
Akita,39.7175,140.0991667,6.3,2015,15/04/2015,105,1,1.2,3.7,-1.3,69,5.5,-0.7,70,39.72,140.08,6,Akita
Akita,39.7175,140.0991667,6.3,2015,15/04/2015,105,1,1.2,3.7,-1.3,69,5.5,-0.7,70,39.72,140.08,6,Akita
Akita,39.7175,140.0991667,6.3,2016,19/04/2016,110,1,0.7,3.2,-1.5,95,3.9,-1.7,209,39.72,140.08,6,Akita
Akita,39.7175,140.0991667,6.3,2016,19/04/2016,110,1,0.7,3.2,-1.5,95,3.9,-1.7,209,39.72,140.08,6,Akita
Akita,39.7175,140.0991667,6.3,2017,19/04/2017,109,1,0.6,3.5,-2,134,4.3,-1.5,187,39.72,140.08,6,Akita
Akita,39.7175,140.0991667,6.3,2017,19/04/2017,109,1,0.6,3.5,-2,134,4.3,-1.5,187,39.72,140.08,6,Akita
Akita,39.7175,140.0991667,6.3,2018,20/04/2018,110,1,0.2,3,-2.3,113,2.3,-4,108,39.72,140.08,6,Akita
Akita,39.7175,140.0991667,6.3,2018,20/04/2018,110,1,0.2,3,-2.3,113,2.3,-4,108,39.72,140.08,6,Akita
Akita,39.7175,140.0991667,6.3,2019,20/04/2019,110,1,0.9,4,-1.8,86,4.8,-1.7,67,39.72,140.08,6,Akita
Akita,39.7175,140.0991667,6.3,2019,20/04/2019,110,1,0.9,4,-1.8,86,4.8,-1.7,67,39.72,140.08,6,Akita
Akita,39.7175,140.0991667,6.3,2020,15/04/2020,106,1,2.3,5.2,-0.3,119,6.1,-0.8,149,39.72,140.08,6,Akita
Akita,39.7175,140.0991667,6.3,2020,15/04/2020,106,1,2.3,5.2,-0.3,119,6.1,-0.8,149,39.72,140.08,6,Akita
Akita,39.7175,140.0991667,6.3,2021,7/04/2021,97,1,-0.4,2.8,-3.3,147,5.5,-1.8,128,39.72,140.08,6,Akita
Akita,39.7175,140.0991667,6.3,2021,7/04/2021,97,1,-0.4,2.8,-3.3,147,5.5,-1.8,128,39.72,140.08,6,Akita
Morioka,39.69833333,141.1661111,155.2,2008,17/04/2008,108,1,-2.7,1,-6.8,31,2,-6,25,39.68,141.15,155,Morioka
Morioka,39.69833333,141.1661111,155.2,2009,18/04/2009,108,1,-0.4,3.5,-4,75,3.9,-4.5,82,39.68,141.15,155,Morioka
Morioka,39.69833333,141.1661111,155.2,2010,2/05/2010,122,1,-1.3,1.7,-4.2,76,3.3,-5.2,21,39.68,141.15,155,Morioka
Morioka,39.69833333,141.1661111,155.2,2011,29/04/2011,119,1,-3.6,-0.1,-7.3,20,4,-4.7,29,39.68,141.15,155,Morioka
Morioka,39.69833333,141.1661111,155.2,2012,28/04/2012,119,1,-3,0.8,-6.5,24,1,-7.2,48,39.68,141.15,155,Morioka
Morioka,39.69833333,141.1661111,155.2,2013,2/05/2013,122,1,-2.9,0.7,-7.1,62,1.3,-6.1,41,39.68,141.15,155,Morioka
Morioka,39.69833333,141.1661111,155.2,2014,21/04/2014,111,1,-2.1,1.3,-5.8,65,2.7,-5.8,46,39.68,141.15,155,Morioka
Morioka,39.69833333,141.1661111,155.2,2015,16/04/2015,106,1,-0.6,2.6,-3.8,26,4.2,-2.6,48,39.68,141.15,155,Morioka
Morioka,39.69833333,141.1661111,155.2,2016,18/04/2016,109,1,-0.6,2.7,-3.6,32,3.8,-3.6,66,39.68,141.15,155,Morioka
Morioka,39.69833333,141.1661111,155.2,2017,24/04/2017,114,1,-1.1,2.4,-4.7,36,3.3,-3.8,67,39.68,141.15,155,Morioka
Morioka,39.69833333,141.1661111,155.2,2018,20/04/2018,110,1,-1.8,1.8,-5.5,37,1.4,-6.9,59,39.68,141.15,155,Morioka
Morioka,39.69833333,141.1661111,155.2,2019,22/04/2019,112,1,-1.1,2.5,-4.9,21,4.3,-4.1,49,39.68,141.15,155,Morioka
Morioka,39.69833333,141.1661111,155.2,2020,20/04/2020,111,1,0.2,4,-3.3,51,4.9,-2.7,54,39.68,141.15,155,Morioka
Morioka,39.69833333,141.1661111,155.2,2021,13/04/2021,103,1,-2.8,0.8,-6.5,78,4.4,-4.5,60,39.68,141.15,155,Morioka
Sendai,38.26194444,140.8966667,38.85,2004,10/04/2004,101,1,1.7,5.5,-1.6,24,7.7,-0.6,35,38.25,140.88,38,Sendai
Sendai,38.26222222,140.8966667,37.9,2004,10/04/2004,101,1,1.7,5.5,-1.6,24,7.7,-0.6,35,38.25,140.88,38,Sendai
Sendai,38.26194444,140.8966667,38.85,2005,17/04/2005,107,1,1.6,5.1,-1.8,62,4.3,-2.2,56,38.25,140.88,38,Sendai
Sendai,38.26222222,140.8966667,37.9,2005,17/04/2005,107,1,1.6,5.1,-1.8,62,4.3,-2.2,56,38.25,140.88,38,Sendai
Sendai,38.26194444,140.8966667,38.85,2006,18/04/2006,108,1,0.7,4.1,-2.5,16,5.9,-1.4,63,38.25,140.88,38,Sendai
Sendai,38.26222222,140.8966667,37.9,2006,18/04/2006,108,1,0.7,4.1,-2.5,16,5.9,-1.4,63,38.25,140.88,38,Sendai
Sendai,38.26194444,140.8966667,38.85,2007,12/04/2007,102,1,3.8,7.7,0.3,51,8,0,36,38.25,140.88,38,Sendai
Sendai,38.26222222,140.8966667,37.9,2007,12/04/2007,102,1,3.8,7.7,0.3,51,8,0,36,38.25,140.88,38,Sendai
Sendai,38.26194444,140.8966667,38.85,2008,11/04/2008,102,1,1.3,5.1,-1.9,10,5.9,-1.9,22,38.25,140.88,38,Sendai
Sendai,38.26222222,140.8966667,37.9,2008,11/04/2008,102,1,1.3,5.1,-1.9,10,5.9,-1.9,22,38.25,140.88,38,Sendai
Sendai,38.26194444,140.8966667,38.85,2009,10/04/2009,100,1,2.9,6.6,-0.5,97,7.6,-0.7,38,38.25,140.88,38,Sendai
Sendai,38.26222222,140.8966667,37.9,2009,10/04/2009,100,1,2.9,6.6,-0.5,97,7.6,-0.7,38,38.25,140.88,38,Sendai
Sendai,38.26194444,140.8966667,38.85,2010,21/04/2010,111,1,2.8,6.8,-0.8,4,6,-1.4,25,38.25,140.88,38,Sendai
Sendai,38.26222222,140.8966667,37.9,2010,21/04/2010,111,1,2.8,6.8,-0.8,4,6,-1.4,25,38.25,140.88,38,Sendai
Sendai,38.26194444,140.8966667,38.85,2011,15/04/2011,105,1,0.5,3.9,-2.5,9,7.6,-0.7,52,38.25,140.88,38,Sendai
Sendai,38.26222222,140.8966667,37.9,2011,15/04/2011,105,1,0.5,3.9,-2.5,9,7.6,-0.7,52,38.25,140.88,38,Sendai
Sendai,38.26194444,140.8966667,38.85,2012,23/04/2012,114,1,0.4,3.8,-2.6,23,4.2,-3.1,44,38.25,140.88,38,Sendai
Sendai,38.26222222,140.8966667,37.9,2012,23/04/2012,114,1,0.4,3.8,-2.6,23,4.2,-3.1,44,38.25,140.88,38,Sendai
Sendai,38.26194444,140.8966667,38.85,2013,15/04/2013,105,1,0.7,4.2,-2.7,37,5,-2.2,19,38.25,140.88,38,Sendai
Sendai,38.26222222,140.8966667,37.9,2013,15/04/2013,105,1,0.7,4.2,-2.7,37,5,-2.2,19,38.25,140.88,38,Sendai
Sendai,38.26194444,140.8966667,38.85,2014,11/04/2014,101,1,1.9,6.2,-1.9,18,5.2,-2.1,79,38.25,140.88,38,Sendai
Sendai,38.26222222,140.8966667,37.9,2014,11/04/2014,101,1,1.9,6.2,-1.9,18,5.2,-2.1,79,38.25,140.88,38,Sendai
Sendai,38.26194444,140.8966667,38.85,2015,9/04/2015,99,1,2.6,5.9,-0.3,42,6.4,0,30,38.25,140.88,38,Sendai
Sendai,38.26222222,140.8966667,37.9,2015,9/04/2015,99,1,2.6,5.9,-0.3,42,6.4,0,30,38.25,140.88,38,Sendai
Sendai,38.26194444,140.8966667,38.85,2016,6/04/2016,97,1,2.4,6.2,-0.8,68,8.1,-0.4,18,38.25,140.88,38,Sendai
Sendai,38.26222222,140.8966667,37.9,2016,6/04/2016,97,1,2.4,6.2,-0.8,68,8.1,-0.4,18,38.25,140.88,38,Sendai
Sendai,38.26194444,140.8966667,38.85,2017,13/04/2017,103,1,2.5,6.2,-0.7,18,7.3,-0.2,15,38.25,140.88,38,Sendai
Sendai,38.26222222,140.8966667,37.9,2017,13/04/2017,103,1,2.5,6.2,-0.7,18,7.3,-0.2,15,38.25,140.88,38,Sendai
Sendai,38.26194444,140.8966667,38.85,2018,4/04/2018,94,1,1.4,5,-2.2,50,5.8,-2.2,26,38.25,140.88,38,Sendai
Sendai,38.26222222,140.8966667,37.9,2018,4/04/2018,94,1,1.4,5,-2.2,50,5.8,-2.2,26,38.25,140.88,38,Sendai
Sendai,38.26194444,140.8966667,38.85,2019,10/04/2019,100,1,2.4,6.2,-0.9,4,8,-0.1,13,38.25,140.88,38,Sendai
Sendai,38.26222222,140.8966667,37.9,2019,10/04/2019,100,1,2.4,6.2,-0.9,4,8,-0.1,13,38.25,140.88,38,Sendai
Sendai,38.26194444,140.8966667,38.85,2020,3/04/2020,94,1,4,7.5,0.8,127,8.6,0.9,20,38.25,140.88,38,Sendai
Sendai,38.26222222,140.8966667,37.9,2020,3/04/2020,94,1,4,7.5,0.8,127,8.6,0.9,20,38.25,140.88,38,Sendai
Sendai,38.26194444,140.8966667,38.85,2021,31/03/2021,90,1,1.2,4.8,-2.3,10,8.6,-0.5,75,38.25,140.88,38,Sendai
Sendai,38.26222222,140.8966667,37.9,2021,31/03/2021,90,1,1.2,4.8,-2.3,10,8.6,-0.5,75,38.25,140.88,38,Sendai
kyoto,35.0119831,135.6761135,44,1990,29/03/1990,88,,,8.2,1,,11.7,4.5,,35.0119831,135.6761135,44,kyoto
kyoto,35.0119831,135.6761135,44,1991,7/04/1991,97,,,8.8,2,,8.6,0.9,,35.0119831,135.6761135,44,kyoto
kyoto,35.0119831,135.6761135,44,1992,3/04/1992,94,,,10.4,2.4,,9.3,1.4,,35.0119831,135.6761135,44,kyoto
kyoto,35.0119831,135.6761135,44,1993,7/04/1993,97,,,9.5,2.6,,10.8,2.1,,35.0119831,135.6761135,44,kyoto
kyoto,35.0119831,135.6761135,44,1994,9/04/1994,99,,,9.4,1.2,,8.9,1.1,,35.0119831,135.6761135,44,kyoto
kyoto,35.0119831,135.6761135,44,1995,9/04/1995,99,,,8.4,1.2,,9.7,1.1,,35.0119831,135.6761135,44,kyoto
kyoto,35.0119831,135.6761135,44,1996,12/04/1996,103,,,9.1,1.1,,8.4,0.1,,35.0119831,135.6761135,44,kyoto
kyoto,35.0119831,135.6761135,44,1997,7/04/1997,97,,,9.2,1.1,,9.7,0.7,,35.0119831,135.6761135,44,kyoto
kyoto,35.0119831,135.6761135,44,1998,1/04/1998,91,,,9,1.6,,11.9,3,,35.0119831,135.6761135,44,kyoto
kyoto,35.0119831,135.6761135,44,1999,4/04/1999,94,,,9.5,1.5,,9.6,0.6,,35.0119831,135.6761135,44,kyoto
kyoto,35.0119831,135.6761135,44,2000,9/04/2000,100,,,9.9,2.6,,8,0.3,,35.0119831,135.6761135,44,kyoto
kyoto,35.0119831,135.6761135,44,2001,6/04/2001,96,,,7.9,0.7,,10,1.3,,35.0119831,135.6761135,44,kyoto
kyoto,35.0119831,135.6761135,44,2002,1/04/2002,91,,,9.8,1.9,,11,2.1,,35.0119831,135.6761135,44,kyoto
kyoto,35.0119831,135.6761135,44,2003,8/04/2003,98,,,8,0.5,,10,1.8,,35.0119831,135.6761135,44,kyoto
kyoto,35.0119831,135.6761135,44,2004,1/04/2004,92,,,8.8,0.8,,12.3,1.6,,35.0119831,135.6761135,44,kyoto
kyoto,35.0119831,135.6761135,44,2005,9/04/2005,99,,,8.9,1.2,,9,1.4,,35.0119831,135.6761135,44,kyoto
kyoto,35.0119831,135.6761135,44,2006,8/04/2006,98,,,8.2,0.9,,9.9,1.7,,35.0119831,135.6761135,44,kyoto
kyoto,35.0119831,135.6761135,44,2007,7/04/2007,97,,,10.6,1.9,,12.4,2.6,,35.0119831,135.6761135,44,kyoto
kyoto,35.0119831,135.6761135,44,2008,4/04/2008,95,,,8.7,1.6,,8.3,0.2,,35.0119831,135.6761135,44,kyoto
kyoto,35.0119831,135.6761135,44,2009,5/04/2009,95,,,9.6,1.7,,11.2,2.7,,35.0119831,135.6761135,44,kyoto
kyoto,35.0119831,135.6761135,44,2010,5/04/2010,95,,,9.3,0.9,,11.3,3.1,,35.0119831,135.6761135,44,kyoto
kyoto,35.0119831,135.6761135,44,2011,9/04/2011,99,,,7.5,-0.7,,12,2,,35.0119831,135.6761135,44,kyoto
kyoto,35.0119831,135.6761135,44,2012,10/04/2012,101,,,8.2,1.1,,8.2,0.6,,35.0119831,135.6761135,44,kyoto
kyoto,35.0119831,135.6761135,44,2013,3/04/2013,93,,,8.1,0.4,,8.8,1.4,,35.0119831,135.6761135,44,kyoto
kyoto,35.0119831,135.6761135,44,2015,3/04/2015,93,,,8.4,2.2,,9.9,2.3,,35.0119831,135.6761135,44,kyoto
kyoto,35.0119831,135.6761135,44,2016,4/04/2016,95,,,10.1,2,,11.4,2.3,,35.0119831,135.6761135,44,kyoto
kyoto,35.0119831,135.6761135,44,2017,9/04/2017,99,,,9.3,1.5,,9.6,1.7,,35.0119831,135.6761135,44,kyoto
kyoto,35.0119831,135.6761135,44,2018,30/03/2018,89,,,8,0.7,,9.3,0.4,,35.0119831,135.6761135,44,kyoto
kyoto,35.0119831,135.6761135,44,2019,5/04/2019,95,,,9.2,1.9,,11.2,3.5,,35.0119831,135.6761135,44,kyoto
kyoto,35.0119831,135.6761135,44,2020,1/04/2020,92,,,11.2,4.3,,11.3,3.3,,35.0119831,135.6761135,44,kyoto
kyoto,35.0119831,135.6761135,44,2021,26/03/2021,85,,,9.5,1.6,,12.8,3.2,,35.0119831,135.6761135,44,kyoto
kyoto,35.0119831,135.6761135,44,1960,4/04/1960,95,,,9.3,-0.1,,11.9,0.2,,35.0119831,135.6761135,44,kyoto
kyoto,35.0119831,135.6761135,44,1961,9/04/1961,99,,,7.9,-1.5,,8.7,-0.8,,35.0119831,135.6761135,44,kyoto
kyoto,35.0119831,135.6761135,44,1962,12/04/1962,102,,,8.5,-0.9,,10.7,0.2,,35.0119831,135.6761135,44,kyoto
kyoto,35.0119831,135.6761135,44,1963,11/04/1963,101,,,6.2,-3.1,,7.2,-1.5,,35.0119831,135.6761135,44,kyoto
kyoto,35.0119831,135.6761135,44,1964,8/04/1964,99,,,9.7,1.8,,7.5,-0.2,,35.0119831,135.6761135,44,kyoto
kyoto,35.0119831,135.6761135,44,1965,20/04/1965,110,,,8.5,-0.7,,9.2,-0.5,,35.0119831,135.6761135,44,kyoto
kyoto,35.0119831,135.6761135,44,1966,7/04/1966,97,,,8.3,-0.7,,11.7,0.8,,35.0119831,135.6761135,44,kyoto
kyoto,35.0119831,135.6761135,44,1967,7/04/1967,97,,,8.6,-1,,9.6,-0.2,,35.0119831,135.6761135,44,kyoto
kyoto,35.0119831,135.6761135,44,1968,8/04/1968,99,,,8.3,-0.7,,7.7,-2.1,,35.0119831,135.6761135,44,kyoto
kyoto,35.0119831,135.6761135,44,1969,11/04/1969,101,,,9.2,0.9,,9.3,1.5,,35.0119831,135.6761135,44,kyoto
kyoto,35.0119831,135.6761135,44,1970,17/04/1970,107,,,8.7,-0.8,,10.5,0.8,,35.0119831,135.6761135,44,kyoto
kyoto,35.0119831,135.6761135,44,1971,8/04/1971,98,,,8.7,0.8,,9.3,1.5,,35.0119831,135.6761135,44,kyoto
kyoto,35.0119831,135.6761135,44,1972,8/04/1972,99,,,11.2,3.4,,10,2.5,,35.0119831,135.6761135,44,kyoto
kyoto,35.0119831,135.6761135,44,1973,7/04/1973,97,,,10.2,2.8,,11.4,3,,35.0119831,135.6761135,44,kyoto
kyoto,35.0119831,135.6761135,44,1974,9/04/1974,99,,,7.5,0,,8.8,0.4,,35.0119831,135.6761135,44,kyoto
kyoto,35.0119831,135.6761135,44,1975,10/04/1975,100,,,8.2,0.3,,7.8,0.2,,35.0119831,135.6761135,44,kyoto
kyoto,35.0119831,135.6761135,44,1976,8/04/1976,99,,,8.4,-0.2,,11,2.8,,35.0119831,135.6761135,44,kyoto
kyoto,35.0119831,135.6761135,44,1977,3/04/1977,93,,,6.8,-0.7,,8.2,-1.4,,35.0119831,135.6761135,44,kyoto
kyoto,35.0119831,135.6761135,44,1978,14/04/1978,104,,,8.9,1.4,,7.8,-0.1,,35.0119831,135.6761135,44,kyoto
kyoto,35.0119831,135.6761135,44,1979,7/04/1979,97,,,11,1.5,,12,3.5,,35.0119831,135.6761135,44,kyoto
kyoto,35.0119831,135.6761135,44,1980,11/04/1980,102,,,8.4,0.4,,8.3,-0.4,,35.0119831,135.6761135,44,kyoto
kyoto,35.0119831,135.6761135,44,1981,9/04/1981,99,,,6.6,-1.2,,8.2,-0.1,,35.0119831,135.6761135,44,kyoto
kyoto,35.0119831,135.6761135,44,1982,3/04/1982,93,,,8.6,-0.1,,8.7,0.7,,35.0119831,135.6761135,44,kyoto
kyoto,35.0119831,135.6761135,44,1983,9/04/1983,99,,,9.1,1,,9.2,0.3,,35.0119831,135.6761135,44,kyoto
kyoto,35.0119831,135.6761135,44,1984,18/04/1984,109,,,6.1,-0.9,,6.4,-0.8,,35.0119831,135.6761135,44,kyoto
kyoto,35.0119831,135.6761135,44,1985,9/04/1985,99,,,7.4,-0.5,,9.4,2.1,,35.0119831,135.6761135,44,kyoto
kyoto,35.0119831,135.6761135,44,1986,12/04/1986,102,,,7.3,-0.7,,6.9,-0.9,,35.0119831,135.6761135,44,kyoto
kyoto,35.0119831,135.6761135,44,1987,5/04/1987,95,,,9.1,1.3,,10.1,1.6,,35.0119831,135.6761135,44,kyoto
kyoto,35.0119831,135.6761135,44,1988,15/04/1988,106,,,10.2,2.1,,8.2,0.6,,35.0119831,135.6761135,44,kyoto
kyoto,35.0119831,135.6761135,44,1989,3/04/1989,93,,,10.4,3.2,,10.5,3,,35.0119831,135.6761135,44,kyoto
Kanazawa,36.58972222,136.6347222,5.7,2004,1/04/2004,92,1,3.8,7,1.2,248,9.6,1.3,243,36.58,136.63,5,Kanazawa
Kanazawa,36.58972222,136.6347222,5.7,2005,11/04/2005,101,1,4.2,7.5,1.2,265,6.6,0.6,199,36.58,136.63,5,Kanazawa
Kanazawa,36.58972222,136.6347222,5.7,2006,12/04/2006,102,1,2.5,5.6,-0.2,179,7.8,0.5,162,36.58,136.63,5,Kanazawa
Kanazawa,36.58972222,136.6347222,5.7,2007,9/04/2007,99,1,5.1,8.6,1.9,126,10.4,2.2,135,36.58,136.63,5,Kanazawa
Kanazawa,36.58972222,136.6347222,5.7,2008,6/04/2008,97,1,3.8,6.9,1.2,134,5.8,-0.4,177,36.58,136.63,5,Kanazawa
Kanazawa,36.58972222,136.6347222,5.7,2009,10/04/2009,100,1,4,7.4,1.1,278,9.3,1.4,129,36.58,136.63,5,Kanazawa
Kanazawa,36.58972222,136.6347222,5.7,2010,6/04/2010,96,1,4.4,7.8,1.4,305,8.2,1.6,210,36.58,136.63,5,Kanazawa
Kanazawa,36.58972222,136.6347222,5.7,2011,12/04/2011,102,1,1.5,4.3,-0.9,312,8.8,0.5,109,36.58,136.63,5,Kanazawa
Kanazawa,36.58972222,136.6347222,5.7,2012,13/04/2012,104,1,2.9,6,0.4,253,5.6,0,189,36.58,136.63,5,Kanazawa
Kanazawa,36.58972222,136.6347222,5.7,2013,5/04/2013,95,1,3,6.1,0.4,244,6.4,0.2,152,36.58,136.63,5,Kanazawa
Kanazawa,36.58972222,136.6347222,5.7,2014,7/04/2014,97,1,3.9,7.3,0.7,155,6.7,0.8,96,36.58,136.63,5,Kanazawa
Kanazawa,36.58972222,136.6347222,5.7,2015,4/04/2015,94,1,3.9,6.9,1.2,223,8.1,1.7,151,36.58,136.63,5,Kanazawa
Kanazawa,36.58972222,136.6347222,5.7,2016,4/04/2016,95,1,5,7.9,2.3,241,8.8,1.5,282,36.58,136.63,5,Kanazawa
Kanazawa,36.58972222,136.6347222,5.7,2017,8/04/2017,98,1,4.5,7.8,1.4,241,8.2,1.1,154,36.58,136.63,5,Kanazawa
Kanazawa,36.58972222,136.6347222,5.7,2018,3/04/2018,93,1,2.8,6.1,-0.1,347,6.3,0,203,36.58,136.63,5,Kanazawa
Kanazawa,36.58972222,136.6347222,5.7,2019,6/04/2019,96,1,4.4,7.7,1.3,192,9.5,1.9,93,36.58,136.63,5,Kanazawa
Kanazawa,36.58972222,136.6347222,5.7,2020,1/04/2020,92,1,6.7,9.8,3.9,234,10.5,2.8,146,36.58,136.63,5,Kanazawa
Kanazawa,36.58972222,136.6347222,5.7,2021,29/03/2021,88,1,3.9,7.1,1.1,349,10.6,2.4,147,36.58,136.63,5,Kanazawa
Mito,36.38111111,140.4680556,29,2009,8/04/2009,98,1,4,9.6,-0.7,105,10.4,0.1,56,36.37,140.47,29,Mito
Mito,36.38111111,140.4680556,29,2010,7/04/2010,97,1,3.4,9.8,-2.3,6,9.1,-0.6,99,36.37,140.47,29,Mito
Mito,36.38111111,140.4680556,29,2011,12/04/2011,102,1,1.9,8.1,-3.5,9,10.4,-0.7,89,36.37,140.47,29,Mito
Mito,36.38111111,140.4680556,29,2012,12/04/2012,103,1,1.8,7.3,-3,28,8,-1.6,72,36.37,140.47,29,Mito
Mito,36.38111111,140.4680556,29,2013,1/04/2013,91,1,2.7,8.7,-2.5,44,8.7,-1.7,39,36.37,140.47,29,Mito
Mito,36.38111111,140.4680556,29,2014,2/04/2014,92,1,3,9.5,-2.6,24,8.9,-1.4,190,36.37,140.47,29,Mito
Mito,36.38111111,140.4680556,29,2015,4/04/2015,94,1,3.7,9.5,-1.1,75,8.9,-0.5,56,36.37,140.47,29,Mito
Mito,36.38111111,140.4680556,29,2016,6/04/2016,97,1,4,10,-1,71,11,-0.4,26,36.37,140.47,29,Mito
Mito,36.38111111,140.4680556,29,2017,10/04/2017,100,1,3.6,10,-1.8,18,10.9,-0.8,24,36.37,140.47,29,Mito
Mito,36.38111111,140.4680556,29,2018,28/03/2018,87,1,2.8,8.5,-2.4,49,9,-1.6,8,36.37,140.47,29,Mito
Mito,36.38111111,140.4680556,29,2019,5/04/2019,95,1,3.4,10.1,-2.5,9,10.9,0.2,52,36.37,140.47,29,Mito
Mito,36.38111111,140.4680556,29,2020,31/03/2020,91,1,5.6,10.7,0.9,124,12.1,0.8,40,36.37,140.47,29,Mito
Mito,36.38111111,140.4680556,29,2021,30/03/2021,89,1,3.4,9.4,-1.9,21,13.2,-0.5,76,36.37,140.47,29,Mito
Nagoya,35.16777778,136.9655556,51.1,2004,3/04/2004,94,1,4.3,9.1,0.2,19,11.5,1.6,41,35.17,136.95,51,Nagoya
Nagoya,35.16777778,136.9655556,51.1,2005,8/04/2005,98,1,4.6,9.4,0.9,11,9.3,1,68,35.17,136.95,51,Nagoya
Nagoya,35.16777778,136.9655556,51.1,2006,6/04/2006,96,1,3.8,8.3,0.4,50,10.2,1.4,125,35.17,136.95,51,Nagoya
Nagoya,35.16777778,136.9655556,51.1,2007,2/04/2007,92,1,6.1,10.9,2.1,37,13.2,3.1,62,35.17,136.95,51,Nagoya
Nagoya,35.16777778,136.9655556,51.1,2008,29/03/2008,89,1,5.1,9.4,1.5,27,8.9,0.1,52,35.17,136.95,51,Nagoya
Nagoya,35.16777778,136.9655556,51.1,2009,3/04/2009,93,1,5.3,9.9,1.3,110,12.3,3.1,74,35.17,136.95,51,Nagoya
Nagoya,35.16777778,136.9655556,51.1,2010,2/04/2010,92,1,4.6,9.1,1,12,11.5,3.1,137,35.17,136.95,51,Nagoya
Nagoya,35.16777778,136.9655556,51.1,2011,6/04/2011,96,1,2.8,7.4,-0.7,10,11.8,2.2,114,35.17,136.95,51,Nagoya
Nagoya,35.16777778,136.9655556,51.1,2012,6/04/2012,97,1,4.2,8.5,0.9,35,8.5,0.4,110,35.17,136.95,51,Nagoya
Nagoya,35.16777778,136.9655556,51.1,2013,28/03/2013,87,1,4,9,0,52,9.1,0.9,69,35.17,136.95,51,Nagoya
Nagoya,35.16777778,136.9655556,51.1,2014,31/03/2014,90,1,4.6,9.6,0.5,39,10.5,1.4,133,35.17,136.95,51,Nagoya
Nagoya,35.16777778,136.9655556,51.1,2015,30/03/2015,89,1,4.9,9.1,1.5,116,10.2,1.8,35,35.17,136.95,51,Nagoya
Nagoya,35.16777778,136.9655556,51.1,2016,31/03/2016,91,1,5.8,10.3,1.9,55,11.7,2.2,65,35.17,136.95,51,Nagoya
Nagoya,35.16777778,136.9655556,51.1,2017,6/04/2017,96,1,4.8,9.6,1,25,10.2,1.2,48,35.17,136.95,51,Nagoya
Nagoya,35.16777778,136.9655556,51.1,2018,27/03/2018,86,1,3.8,8.5,0.2,41,9.9,0.4,18,35.17,136.95,51,Nagoya
Nagoya,35.16777778,136.9655556,51.1,2019,4/04/2019,94,1,5.1,9.7,1.2,15,12,3.4,57,35.17,136.95,51,Nagoya
Nagoya,35.16777778,136.9655556,51.1,2020,1/04/2020,92,1,7.6,11.8,4.1,56,11.8,3.1,54,35.17,136.95,51,Nagoya
Nagoya,35.16777778,136.9655556,51.1,2021,28/03/2021,87,1,5,9.5,1.5,57,12.7,3.2,47,35.17,136.95,51,Nagoya
Oshima,34.74944444,139.3630556,74,2004,1/04/2004,92,1,7.2,10.8,3.4,33,12.7,4.6,53,34.73,139.35,74,Oshima
Oshima,34.74944444,139.3630556,74,2005,7/04/2005,97,1,7.6,11,3.9,158,10.6,3.5,171,34.73,139.35,74,Oshima
Oshima,34.74944444,139.3630556,74,2006,28/03/2006,87,1,6.4,9.8,3.3,211,11.1,4.6,307,34.73,139.35,74,Oshima
Oshima,34.74944444,139.3630556,74,2007,31/03/2007,90,1,8.3,11.3,5.2,79,13.3,5.6,94,34.73,139.35,74,Oshima
Oshima,34.74944444,139.3630556,74,2008,31/03/2008,91,1,6.6,10.1,2.9,88,10.5,1.6,113,34.73,139.35,74,Oshima
Oshima,34.74944444,139.3630556,74,2009,4/04/2009,94,1,7.8,11.2,4.6,205,12.8,5.2,116,34.73,139.35,74,Oshima
Maizuru,35.45027778,135.3180556,2.42,2004,31/03/2004,91,1,3.3,7.6,0.3,NA,11.4,0.6,102,35.45,135.32,2,Maizuru
Maizuru,35.45027778,135.3180556,2.42,2005,10/04/2005,100,1,3.6,7.8,0.5,166,7.2,0.7,194,35.45,135.32,2,Maizuru
Maizuru,35.45027778,135.3180556,2.42,2006,10/04/2006,100,1,2.8,6.3,0.2,161,8.2,0.8,144,35.45,135.32,2,Maizuru
Maizuru,35.45027778,135.3180556,2.42,2007,9/04/2007,99,1,5,9.6,1.3,99,11.2,1.7,128,35.45,135.32,2,Maizuru
Maizuru,35.45027778,135.3180556,2.42,2008,7/04/2008,98,1,3.8,7.5,1.3,200,6.7,-0.2,219,35.45,135.32,2,Maizuru
Maizuru,35.45027778,135.3180556,2.42,2009,6/04/2009,96,1,3.6,7.8,0.5,234,10.1,1.7,155,35.45,135.32,2,Maizuru
Maizuru,35.45027778,135.3180556,2.42,2010,6/04/2010,96,1,4,8.4,0.6,120,10.4,2.2,142,35.45,135.32,2,Maizuru
Maizuru,35.45027778,135.3180556,2.42,2011,10/04/2011,100,1,1.5,5.1,-0.9,204,10.3,1,119,35.45,135.32,2,Maizuru
Maizuru,35.45027778,135.3180556,2.42,2012,12/04/2012,103,1,3.1,6.5,0.9,339,5.6,-0.6,170,35.45,135.32,2,Maizuru
Osaka,34.68222222,135.5191667,23,2004,2/04/2004,93,1,5.8,9.4,2.6,19,12.6,3.8,48,34.68,135.52,23,Osaka
Osaka,34.68222222,135.5191667,23,2005,8/04/2005,98,1,6.2,9.8,3,19,9.7,2.8,45,34.68,135.52,23,Osaka
Osaka,34.68222222,135.5191667,23,2006,4/04/2006,94,1,5.5,9,2.3,33,10.5,3.3,102,34.68,135.52,23,Osaka
Osaka,34.68222222,135.5191667,23,2007,3/04/2007,93,1,7.5,11.3,4.3,20,13,4.8,42,34.68,135.52,23,Osaka
Osaka,34.68222222,135.5191667,23,2008,2/04/2008,93,1,5.8,9.3,2.9,51,8.9,1.9,61,34.68,135.52,23,Osaka
Osaka,34.68222222,135.5191667,23,2009,6/04/2009,96,1,6.5,9.9,3.3,73,11.8,4.4,95,34.68,135.52,23,Osaka
Osaka,34.68222222,135.5191667,23,2010,4/04/2010,94,1,6.1,9.5,2.6,46,11.8,4.3,132,34.68,135.52,23,Osaka
Osaka,34.68222222,135.5191667,23,2011,7/04/2011,97,1,4.4,8.1,1,0,11.9,3.3,114,34.68,135.52,23,Osaka
Osaka,34.68222222,135.5191667,23,2012,9/04/2012,100,1,5.6,8.9,2.7,34,8.4,2,97,34.68,135.52,23,Osaka
Osaka,34.68222222,135.5191667,23,2013,29/03/2013,88,1,5.2,9,1.7,39,9.3,2.5,93,34.68,135.52,23,Osaka
Osaka,34.68222222,135.5191667,23,2014,2/04/2014,92,1,5.9,9.8,2.2,52,9.8,2.5,55,34.68,135.52,23,Osaka
Osaka,34.68222222,135.5191667,23,2015,1/04/2015,91,1,6.1,9.3,3.3,93,10.6,3.7,26,34.68,135.52,23,Osaka
Osaka,34.68222222,135.5191667,23,2016,1/04/2016,92,1,6.8,10.3,3.4,67,11.5,3.7,81,34.68,135.52,23,Osaka
Osaka,34.68222222,135.5191667,23,2017,6/04/2017,96,1,6.2,10,2.9,34,10.2,2.9,45,34.68,135.52,23,Osaka
Osaka,34.68222222,135.5191667,23,2018,26/03/2018,85,1,5,8.4,1.8,52,9.2,1.9,29,34.68,135.52,23,Osaka
Osaka,34.68222222,135.5191667,23,2019,4/04/2019,94,1,6.5,10.1,3.2,23,11.4,4.5,43,34.68,135.52,23,Osaka
Osaka,34.68222222,135.5191667,23,2020,3/04/2020,94,1,8.6,11.9,5.8,61,11.9,4.7,64,34.68,135.52,23,Osaka
Osaka,34.68222222,135.5191667,23,2021,28/03/2021,87,1,6.2,9.8,3,65,13.2,4.8,45,34.68,135.52,23,Osaka
Matsue,35.45722222,133.0655556,16.9,2004,31/03/2004,91,1,4.2,7.9,1.1,132,11.7,1.8,87,35.45,133.05,16,Matsue
Matsue,35.45722222,133.0655556,16.9,2005,8/04/2005,98,1,4.5,8.5,1.3,124,7.9,1.1,100,35.45,133.05,16,Matsue
Matsue,35.45722222,133.0655556,16.9,2006,6/04/2006,96,1,4.1,7.9,0.9,108,8.8,1.3,127,35.45,133.05,16,Matsue
Matsue,35.45722222,133.0655556,16.9,2007,3/04/2007,93,1,5.4,9.7,1.9,133,11.8,2.4,86,35.45,133.05,16,Matsue
Matsue,35.45722222,133.0655556,16.9,2008,6/04/2008,97,1,4.5,8.2,1.5,150,7.5,-0.1,166,35.45,133.05,16,Matsue
Matsue,35.45722222,133.0655556,16.9,2009,6/04/2009,96,1,3.9,7.7,0.8,243,11.2,2.6,101,35.45,133.05,16,Matsue
Matsue,35.45722222,133.0655556,16.9,2010,3/04/2010,93,1,4.8,9,1.4,104,10.6,2.7,138,35.45,133.05,16,Matsue
Matsue,35.45722222,133.0655556,16.9,2011,12/04/2011,102,1,2,5.1,-0.4,183,10.1,1.3,109,35.45,133.05,16,Matsue
Matsue,35.45722222,133.0655556,16.9,2012,10/04/2012,101,1,4.1,7.2,1.6,172,6.7,0.3,96,35.45,133.05,16,Matsue
Matsue,35.45722222,133.0655556,16.9,2013,31/03/2013,90,1,3.5,7.3,0.5,103,9.1,1.5,77,35.45,133.05,16,Matsue
Matsue,35.45722222,133.0655556,16.9,2014,2/04/2014,92,1,4.6,8.9,1.1,210,8.4,1.9,108,35.45,133.05,16,Matsue
Matsue,35.45722222,133.0655556,16.9,2015,2/04/2015,92,1,5.1,8.6,2.2,173,9.4,1.9,85,35.45,133.05,16,Matsue
Matsue,35.45722222,133.0655556,16.9,2016,30/03/2016,90,1,4.8,7.9,2.1,180,10.3,1.5,168,35.45,133.05,16,Matsue
Matsue,35.45722222,133.0655556,16.9,2017,7/04/2017,97,1,4.8,8.4,1.4,187,9.5,1.1,200,35.45,133.05,16,Matsue
Matsue,35.45722222,133.0655556,16.9,2018,29/03/2018,88,1,3.7,7.1,1,165,7.8,-0.7,86,35.45,133.05,16,Matsue
Matsue,35.45722222,133.0655556,16.9,2019,1/04/2019,91,1,5.8,10,1.8,72,10.8,2.8,105,35.45,133.05,16,Matsue
Matsue,35.45722222,133.0655556,16.9,2020,30/03/2020,90,1,7.4,11,4.3,122,11.2,2.1,117,35.45,133.05,16,Matsue
Matsue,35.45722222,133.0655556,16.9,2021,27/03/2021,86,1,4.5,8.1,1.3,127,12.2,3,83,35.45,133.05,16,Matsue
Tottori,35.48777778,134.2383333,7.1,2004,29/03/2004,89,1,3.8,8,0.6,162,11.3,1.3,92,35.48,134.23,7,Tottori
Tottori,35.53083333,134.1994444,6,2004,29/03/2004,89,1,3.8,8,0.6,162,11.3,1.3,92,35.48,134.23,7,Tottori
Tottori,35.48777778,134.2383333,7.1,2005,8/04/2005,98,1,4.3,8.1,1,157,7.2,0.6,238,35.48,134.23,7,Tottori
Tottori,35.53083333,134.1994444,6,2005,8/04/2005,98,1,4.3,8.1,1,157,7.2,0.6,238,35.48,134.23,7,Tottori
Tottori,35.48777778,134.2383333,7.1,2006,7/04/2006,97,1,3.3,7.1,0.2,165,8.6,0.7,160,35.48,134.23,7,Tottori
Tottori,35.53083333,134.1994444,6,2006,7/04/2006,97,1,3.3,7.1,0.2,165,8.6,0.7,160,35.48,134.23,7,Tottori
Tottori,35.48777778,134.2383333,7.1,2007,8/04/2007,98,1,5.1,9.6,1.3,137,11.5,1.6,136,35.48,134.23,7,Tottori
Tottori,35.53083333,134.1994444,6,2007,8/04/2007,98,1,5.1,9.6,1.3,137,11.5,1.6,136,35.48,134.23,7,Tottori
Tottori,35.48777778,134.2383333,7.1,2008,4/04/2008,95,1,4,8.1,1.1,215,7.2,0,215,35.48,134.23,7,Tottori
Tottori,35.53083333,134.1994444,6,2008,4/04/2008,95,1,4,8.1,1.1,215,7.2,0,215,35.48,134.23,7,Tottori
Tottori,35.48777778,134.2383333,7.1,2009,7/04/2009,97,1,3.5,7.7,0.4,321,11.1,1.9,124,35.48,134.23,7,Tottori
Tottori,35.53083333,134.1994444,6,2009,7/04/2009,97,1,3.5,7.7,0.4,321,11.1,1.9,124,35.48,134.23,7,Tottori
Tottori,35.48777778,134.2383333,7.1,2010,4/04/2010,94,1,4.3,8.5,0.6,151,10.2,2.5,132,35.48,134.23,7,Tottori
Tottori,35.53083333,134.1994444,6,2010,4/04/2010,94,1,4.3,8.5,0.6,151,10.2,2.5,132,35.48,134.23,7,Tottori
Tottori,35.48777778,134.2383333,7.1,2011,8/04/2011,98,1,1.5,4.9,-0.7,252,9.9,1.1,102,35.48,134.23,7,Tottori
Tottori,35.53083333,134.1994444,6,2011,8/04/2011,98,1,1.5,4.9,-0.7,252,9.9,1.1,102,35.48,134.23,7,Tottori
Tottori,35.48777778,134.2383333,7.1,2012,10/04/2012,101,1,3,6.4,0.8,300,5.9,-0.7,266,35.48,134.23,7,Tottori
Tottori,35.53083333,134.1994444,6,2012,10/04/2012,101,1,3,6.4,0.8,300,5.9,-0.7,266,35.48,134.23,7,Tottori
Tottori,35.48777778,134.2383333,7.1,2013,29/03/2013,88,1,3.7,7.7,0.4,142,8.3,1.2,120,35.48,134.23,7,Tottori
Tottori,35.53083333,134.1994444,6,2013,29/03/2013,88,1,3.7,7.7,0.4,142,8.3,1.2,120,35.48,134.23,7,Tottori
Tottori,35.48777778,134.2383333,7.1,2014,2/04/2014,92,1,4.3,8.3,0.8,187,8.5,1.3,114,35.48,134.23,7,Tottori
Tottori,35.53083333,134.1994444,6,2014,2/04/2014,92,1,4.3,8.3,0.8,187,8.5,1.3,114,35.48,134.23,7,Tottori
Tottori,35.48777778,134.2383333,7.1,2015,1/04/2015,91,1,4.9,8.3,2.2,285,9.2,1.7,106,35.48,134.23,7,Tottori
Tottori,35.53083333,134.1994444,6,2015,1/04/2015,91,1,4.9,8.3,2.2,285,9.2,1.7,106,35.48,134.23,7,Tottori
Tottori,35.48777778,134.2383333,7.1,2016,31/03/2016,91,1,4.7,8.7,1.5,184,9.9,1.3,168,35.48,134.23,7,Tottori
Tottori,35.53083333,134.1994444,6,2016,31/03/2016,91,1,4.7,8.7,1.5,184,9.9,1.3,168,35.48,134.23,7,Tottori
Tottori,35.48777778,134.2383333,7.1,2017,7/04/2017,97,1,4.5,8.3,1.2,249,8.8,1.1,307,35.48,134.23,7,Tottori
Tottori,35.53083333,134.1994444,6,2017,7/04/2017,97,1,4.5,8.3,1.2,249,8.8,1.1,307,35.48,134.23,7,Tottori
Tottori,35.48777778,134.2383333,7.1,2018,28/03/2018,87,1,3.6,7.2,0.7,142,8.4,-0.9,97,35.48,134.23,7,Tottori
Tottori,35.53083333,134.1994444,6,2018,28/03/2018,87,1,3.6,7.2,0.7,142,8.4,-0.9,97,35.48,134.23,7,Tottori
Tottori,35.48777778,134.2383333,7.1,2019,4/04/2019,94,1,5.1,9.3,1.5,119,11.1,2.5,96,35.48,134.23,7,Tottori
Tottori,35.53083333,134.1994444,6,2019,4/04/2019,94,1,5.1,9.3,1.5,119,11.1,2.5,96,35.48,134.23,7,Tottori
Tottori,35.48777778,134.2383333,7.1,2020,31/03/2020,91,1,7.4,11.4,3.9,118,11.2,2.3,120,35.48,134.23,7,Tottori
Tottori,35.53083333,134.1994444,6,2020,31/03/2020,91,1,7.4,11.4,3.9,118,11.2,2.3,120,35.48,134.23,7,Tottori
Tottori,35.48777778,134.2383333,7.1,2021,29/03/2021,88,1,4.3,8.6,0.7,145,12.3,2.1,117,35.48,134.23,7,Tottori
Tottori,35.53083333,134.1994444,6,2021,29/03/2021,88,1,4.3,8.6,0.7,145,12.3,2.1,117,35.48,134.23,7,Tottori
Hachijojima,33.12166667,139.7791667,151.21,2004,1/04/2004,92,1,9.5,12.2,6.9,277,14.2,8.2,157,33.12,139.77,151,Hachijojima
Hachijojima,33.12166667,139.7791667,151.21,2005,18/04/2005,108,1,10.2,12.9,7.5,182,13.1,7.4,223,33.12,139.77,151,Hachijojima
Hachijojima,33.12166667,139.7791667,151.21,2006,3/04/2006,93,1,9.3,11.8,6.8,212,14,8.9,239,33.12,139.77,151,Hachijojima
Hachijojima,33.12166667,139.7791667,151.21,2008,7/04/2008,98,1,10.3,13.1,8,170,12.2,5.7,146,33.12,139.77,151,Hachijojima
Hachijojima,33.12166667,139.7791667,151.21,2009,18/04/2009,108,1,10.2,13.3,7.3,184,14.4,8.1,157,33.12,139.77,151,Hachijojima
Hiroshima,34.39861111,132.4627778,3.6,2008,2/04/2008,93,1,5.4,9.9,2.2,75,9.8,0.3,39,34.4,132.4,3,Hiroshima
Hiroshima,34.39861111,132.4627778,3.6,2009,5/04/2009,95,1,5.2,9.6,1.8,34,12.7,4,121,34.4,132.4,3,Hiroshima
Hiroshima,34.39861111,132.4627778,3.6,2010,2/04/2010,92,1,5.2,9.9,1.3,22,12.3,4,109,34.4,132.4,3,Hiroshima
Hiroshima,34.39861111,132.4627778,3.6,2011,10/04/2011,100,1,2.9,7.6,-0.5,4,11.7,2.6,73,34.4,132.4,3,Hiroshima
Hiroshima,34.39861111,132.4627778,3.6,2012,9/04/2012,100,1,4.7,9.1,1.5,13,8.5,1,98,34.4,132.4,3,Hiroshima
Hiroshima,34.39861111,132.4627778,3.6,2013,29/03/2013,88,1,4.4,9.3,0.8,44,10.5,2.4,94,34.4,132.4,3,Hiroshima
Hiroshima,34.39861111,132.4627778,3.6,2014,30/03/2014,89,1,5.7,10.4,2.1,45,10.4,2.8,42,34.4,132.4,3,Hiroshima
Hiroshima,34.39861111,132.4627778,3.6,2015,30/03/2015,89,1,5.8,9.8,2.8,96,10.5,2.8,24,34.4,132.4,3,Hiroshima
Hiroshima,34.39861111,132.4627778,3.6,2016,2/04/2016,93,1,5.6,10,2.3,67,11,2.7,95,34.4,132.4,3,Hiroshima
Hiroshima,34.39861111,132.4627778,3.6,2017,7/04/2017,97,1,5.5,10,2.1,52,11.3,2.3,66,34.4,132.4,3,Hiroshima
Hiroshima,34.39861111,132.4627778,3.6,2018,28/03/2018,87,1,4.3,8.5,1.2,55,9.5,1,35,34.4,132.4,3,Hiroshima
Hiroshima,34.39861111,132.4627778,3.6,2019,3/04/2019,93,1,6.4,11.2,2.6,27,11.8,4,69,34.4,132.4,3,Hiroshima
Hiroshima,34.39861111,132.4627778,3.6,2020,3/04/2020,94,1,8.1,12.2,4.9,87,12.7,3.9,61,34.4,132.4,3,Hiroshima
Hiroshima,34.39861111,132.4627778,3.6,2021,25/03/2021,84,1,5.2,9.7,1.7,51,13.6,3.7,56,34.4,132.4,3,Hiroshima
Kochi,33.56805556,133.5494444,0.5,2008,28/03/2008,88,1,7.1,11.9,3.1,111,11.8,1.4,48,33.57,133.55,0,Kochi
Kochi,33.56833333,133.5491667,3,2008,28/03/2008,88,1,7.1,11.9,3.1,111,11.8,1.4,48,33.57,133.55,0,Kochi
Kochi,33.56805556,133.5494444,0.5,2009,24/03/2009,83,1,6.8,11.9,2.5,79,15.1,5.8,176,33.57,133.55,0,Kochi
Kochi,33.56833333,133.5491667,3,2009,24/03/2009,83,1,6.8,11.9,2.5,79,15.1,5.8,176,33.57,133.55,0,Kochi
Kochi,33.56805556,133.5494444,0.5,2010,21/03/2010,80,1,6.5,12.2,1.3,30,14.6,5.6,193,33.57,133.55,0,Kochi
Kochi,33.56833333,133.5491667,3,2010,21/03/2010,80,1,6.5,12.2,1.3,30,14.6,5.6,193,33.57,133.55,0,Kochi
Kochi,33.56805556,133.5494444,0.5,2011,31/03/2011,90,1,4.3,10.1,-0.7,0,14.5,4,80,33.57,133.55,0,Kochi
Kochi,33.56833333,133.5491667,3,2011,31/03/2011,90,1,4.3,10.1,-0.7,0,14.5,4,80,33.57,133.55,0,Kochi
Kochi,33.56805556,133.5494444,0.5,2012,27/03/2012,87,1,6.3,11.6,2,32,11.4,2.3,157,33.57,133.55,0,Kochi
Kochi,33.56833333,133.5491667,3,2012,27/03/2012,87,1,6.3,11.6,2,32,11.4,2.3,157,33.57,133.55,0,Kochi
Kochi,33.56805556,133.5494444,0.5,2013,22/03/2013,81,1,5.8,11.5,1.1,39,13,3.3,133,33.57,133.55,0,Kochi
Kochi,33.56833333,133.5491667,3,2013,22/03/2013,81,1,5.8,11.5,1.1,39,13,3.3,133,33.57,133.55,0,Kochi
Kochi,33.56805556,133.5494444,0.5,2014,25/03/2014,84,1,7,12.8,2,39,12.8,4.1,133,33.57,133.55,0,Kochi
Kochi,33.56833333,133.5491667,3,2014,25/03/2014,84,1,7,12.8,2,39,12.8,4.1,133,33.57,133.55,0,Kochi
Kochi,33.56805556,133.5494444,0.5,2015,30/03/2015,89,1,7.2,12.3,2.7,123,12.7,2.4,73,33.57,133.55,0,Kochi
Kochi,33.56833333,133.5491667,3,2015,30/03/2015,89,1,7.2,12.3,2.7,123,12.7,2.4,73,33.57,133.55,0,Kochi
Kochi,33.56805556,133.5494444,0.5,2016,2/04/2016,93,1,7.1,12.2,2.7,74,13.5,3.5,219,33.57,133.55,0,Kochi
Kochi,33.56833333,133.5491667,3,2016,2/04/2016,93,1,7.1,12.2,2.7,74,13.5,3.5,219,33.57,133.55,0,Kochi
Kochi,33.56805556,133.5494444,0.5,2017,6/04/2017,96,1,7.1,12.9,2.5,23,13.1,2.6,64,33.57,133.55,0,Kochi
Kochi,33.56833333,133.5491667,3,2017,6/04/2017,96,1,7.1,12.9,2.5,23,13.1,2.6,64,33.57,133.55,0,Kochi
Kochi,33.56805556,133.5494444,0.5,2018,19/03/2018,78,1,5.4,10.9,0.9,97,11.2,1.2,108,33.57,133.55,0,Kochi
Kochi,33.56833333,133.5491667,3,2018,19/03/2018,78,1,5.4,10.9,0.9,97,11.2,1.2,108,33.57,133.55,0,Kochi
Kochi,33.56805556,133.5494444,0.5,2019,29/03/2019,88,1,7.3,13.1,2.6,24,14.2,5.4,81,33.57,133.55,0,Kochi
Kochi,33.56833333,133.5491667,3,2019,29/03/2019,88,1,7.3,13.1,2.6,24,14.2,5.4,81,33.57,133.55,0,Kochi
Kochi,33.56805556,133.5494444,0.5,2020,2/04/2020,93,1,9.2,14.4,5,153,14.5,4.2,100,33.57,133.55,0,Kochi
Kochi,33.56833333,133.5491667,3,2020,2/04/2020,93,1,9.2,14.4,5,153,14.5,4.2,100,33.57,133.55,0,Kochi
Kochi,33.56805556,133.5494444,0.5,2021,23/03/2021,82,1,6.9,12.5,2.1,76,15.6,4.4,82,33.57,133.55,0,Kochi
Kochi,33.56833333,133.5491667,3,2021,23/03/2021,82,1,6.9,12.5,2.1,76,15.6,4.4,82,33.57,133.55,0,Kochi
Matsuyama,33.84361111,132.7775,32.16,2004,2/04/2004,93,1,5.3,9.6,1.6,26,12.8,3.2,71,33.85,132.78,32,Matsuyama
Matsuyama,33.84361111,132.7775,32.16,2005,7/04/2005,97,1,6.2,9.7,2.6,25,9.2,1.9,91,33.85,132.78,32,Matsuyama
Matsuyama,33.84361111,132.7775,32.16,2006,3/04/2006,93,1,5.7,10,2.1,38,10.6,3,74,33.85,132.78,32,Matsuyama
Matsuyama,33.84361111,132.7775,32.16,2007,1/04/2007,91,1,7.1,11.2,3.3,26,13.4,4.7,60,33.85,132.78,32,Matsuyama
Matsuyama,33.84361111,132.7775,32.16,2008,4/04/2008,95,1,6.3,10.1,2.9,97,9.6,1.2,54,33.85,132.78,32,Matsuyama
Matsuyama,33.84361111,132.7775,32.16,2009,1/04/2009,91,1,6.1,9.8,2.9,65,13,4.7,107,33.85,132.78,32,Matsuyama
Matsuyama,33.84361111,132.7775,32.16,2010,2/04/2010,92,1,6.3,10.3,2.2,42,12.9,4.7,106,33.85,132.78,32,Matsuyama
Matsuyama,33.84361111,132.7775,32.16,2011,6/04/2011,96,1,3.7,7.8,0.1,6,12.2,2.9,55,33.85,132.78,32,Matsuyama
Matsuyama,33.84361111,132.7775,32.16,2012,4/04/2012,95,1,5.5,9.5,1.9,26,8.6,1.8,115,33.85,132.78,32,Matsuyama
Matsuyama,33.84361111,132.7775,32.16,2013,27/03/2013,86,1,5,9.6,0.9,48,10.6,2.6,98,33.85,132.78,32,Matsuyama
Matsuyama,33.84361111,132.7775,32.16,2014,29/03/2014,88,1,6.5,11.2,2.4,34,10.6,2.6,55,33.85,132.78,32,Matsuyama
Matsuyama,33.84361111,132.7775,32.16,2015,1/04/2015,91,1,6.7,10.3,3.2,91,10.5,2.8,33,33.85,132.78,32,Matsuyama
Matsuyama,33.84361111,132.7775,32.16,2016,3/04/2016,94,1,6.6,10.2,3.4,58,11.6,3.2,93,33.85,132.78,32,Matsuyama
Matsuyama,33.84361111,132.7775,32.16,2017,8/04/2017,98,1,6.6,10.7,2.9,53,11.7,2.8,67,33.85,132.78,32,Matsuyama
Matsuyama,33.84361111,132.7775,32.16,2018,27/03/2018,86,1,5,8.8,1.7,63,9.7,1.8,27,33.85,132.78,32,Matsuyama
Matsuyama,33.84361111,132.7775,32.16,2019,5/04/2019,95,1,7.2,11.2,3.2,25,12.2,4.6,82,33.85,132.78,32,Matsuyama
Matsuyama,33.84361111,132.7775,32.16,2020,9/04/2020,100,1,8.7,12.7,5.4,93,12.7,4.6,55,33.85,132.78,32,Matsuyama
Matsuyama,33.84361111,132.7775,32.16,2021,27/03/2021,86,1,6.2,10.1,2.6,37,13.8,4.6,69,33.85,132.78,32,Matsuyama
Nagasaki,32.73416667,129.8680556,26.9,2004,2/04/2004,93,1,6.3,9.9,3.1,40,13.6,5,82,32.73,129.87,26,Nagasaki
Nagasaki,32.73416667,129.8680556,26.9,2005,8/04/2005,98,1,6.6,9.6,3.7,64,10,3.2,113,32.73,129.87,26,Nagasaki
Nagasaki,32.73416667,129.8680556,26.9,2006,3/04/2006,93,1,7.4,10.9,4,60,12.2,4.7,127,32.73,129.87,26,Nagasaki
Nagasaki,32.73416667,129.8680556,26.9,2007,1/04/2007,91,1,8.1,11.6,4.5,31,14.7,6.2,106,32.73,129.87,26,Nagasaki
Nagasaki,32.73416667,129.8680556,26.9,2008,6/04/2008,97,1,7.9,11.3,4.8,145,10,2.7,61,32.73,129.87,26,Nagasaki
Nagasaki,32.73416667,129.8680556,26.9,2009,27/03/2009,86,1,6.6,10.4,3.5,57,14.5,6.6,156,32.73,129.87,26,Nagasaki
Nagasaki,32.73416667,129.8680556,26.9,2010,31/03/2010,90,1,6.9,10.6,3.5,62,13.7,6.5,119,32.73,129.87,26,Nagasaki
Nagasaki,32.73416667,129.8680556,26.9,2011,7/04/2011,97,1,4.1,6.9,1.3,9,13.5,5,36,32.73,129.87,26,Nagasaki
Nagasaki,32.73416667,129.8680556,26.9,2012,2/04/2012,93,1,6.3,9.8,3.3,24,9.5,3.1,136,32.73,129.87,26,Nagasaki
Nagasaki,32.73416667,129.8680556,26.9,2013,23/03/2013,82,1,6.3,10.3,2.8,38,12,4.5,149,32.73,129.87,26,Nagasaki
Nagasaki,32.73416667,129.8680556,26.9,2014,27/03/2014,86,1,7.8,12,3.9,30,11.9,4.8,106,32.73,129.87,26,Nagasaki
Nagasaki,32.73416667,129.8680556,26.9,2015,31/03/2015,90,1,7.9,11.4,4.6,119,11.2,4.5,40,32.73,129.87,26,Nagasaki
Nagasaki,32.73416667,129.8680556,26.9,2016,30/03/2016,90,1,7.3,10.5,4.2,97,12.3,4.3,77,32.73,129.87,26,Nagasaki
Nagasaki,32.73416667,129.8680556,26.9,2017,7/04/2017,97,1,7.5,11.7,3.7,63,12.2,3.9,93,32.73,129.87,26,Nagasaki
Nagasaki,32.73416667,129.8680556,26.9,2018,26/03/2018,85,1,5.8,9.3,2.5,72,10.3,2.7,88,32.73,129.87,26,Nagasaki
Nagasaki,32.73416667,129.8680556,26.9,2019,3/04/2019,93,1,8.1,11.8,4.5,27,13.2,6,87,32.73,129.87,26,Nagasaki
Nagasaki,32.73416667,129.8680556,26.9,2020,3/04/2020,94,1,9.7,13.3,6.8,116,14,6.1,104,32.73,129.87,26,Nagasaki
Nagasaki,32.73416667,129.8680556,26.9,2021,23/03/2021,82,1,7.4,11.2,4,32,14.6,6.4,58,32.73,129.87,26,Nagasaki
zurich,47.378142,8.565853,555,2004,15/04/2004,111,1,0.8,2.9,-1.4,NA,5.9,-1.3,NA,47.3831,8.5667,555,"ZUERICH FLUNTERN, SZ"
zurich,47.378142,8.565853,555,2005,10/04/2005,105,1,0.6,3.5,-2.3,NA,1.7,-3.3,NA,47.3831,8.5667,555,"ZUERICH FLUNTERN, SZ"
zurich,47.378142,8.565853,555,2006,24/04/2006,119,1,-2,0.1,-4.2,NA,2.6,-2.2,NA,47.3831,8.5667,555,"ZUERICH FLUNTERN, SZ"
zurich,47.378142,8.565853,555,2007,8/04/2007,103,1,4.4,6.9,2,NA,8.5,1.6,NA,47.3831,8.5667,555,"ZUERICH FLUNTERN, SZ"
zurich,47.378142,8.565853,555,2008,11/04/2008,107,1,3.3,6.2,0.3,NA,8.4,0,NA,47.3831,8.5667,555,"ZUERICH FLUNTERN, SZ"
zurich,47.378142,8.565853,555,2009,11/04/2009,106,1,-1.8,0.2,-3.7,NA,3.3,-2.3,NA,47.3831,8.5667,555,"ZUERICH FLUNTERN, SZ"
zurich,47.378142,8.565853,555,2010,16/04/2010,111,1,-1.9,0,-3.7,NA,3.7,-1.9,NA,47.3831,8.5667,555,"ZUERICH FLUNTERN, SZ"
zurich,47.378142,8.565853,555,2011,5/04/2011,100,1,1.3,3.6,-1,NA,6.2,-0.1,NA,47.3831,8.5667,555,"ZUERICH FLUNTERN, SZ"
zurich,47.378142,8.565853,555,2012,1/04/2012,97,1,2.1,4.5,-0.2,NA,-0.2,-6.6,NA,47.3831,8.5667,555,"ZUERICH FLUNTERN, SZ"
zurich,47.378142,8.565853,555,2013,24/04/2013,119,1,0.6,2.6,-1.5,NA,1.1,-3.8,NA,47.3831,8.5667,555,"ZUERICH FLUNTERN, SZ"
zurich,47.378142,8.565853,555,2014,2/04/2014,97,1,3.2,5.7,0.8,NA,7.8,1.1,NA,47.3831,8.5667,555,"ZUERICH FLUNTERN, SZ"
zurich,47.378142,8.565853,555,2015,14/04/2015,109,1,2.1,4.6,-0.3,NA,2.6,-2.8,NA,47.3831,8.5667,555,"ZUERICH FLUNTERN, SZ"
zurich,47.378142,8.565853,555,2016,10/04/2016,106,1,2.9,5.4,0.3,NA,7.2,1.2,NA,47.3831,8.5667,555,"ZUERICH FLUNTERN, SZ"
zurich,47.378142,8.565853,555,2017,3/04/2017,98,1,NA,NA,NA,NA,7.8,0.4,NA,47.3831,8.5667,555,"ZUERICH FLUNTERN, SZ"
zurich,47.378142,8.565853,555,2018,17/04/2018,112,1,4.8,7.5,2.1,NA,0.8,-3.2,NA,47.3831,8.5667,555,"ZUERICH FLUNTERN, SZ"
zurich,47.378142,8.565853,555,2019,5/04/2019,100,1,0.1,2.3,-2.1,NA,8.9,-0.2,NA,47.3831,8.5667,555,"ZUERICH FLUNTERN, SZ"
zurich,47.378142,8.565853,555,2020,2/04/2020,98,1,2.8,5.8,-0.3,NA,10.6,2.5,NA,47.3831,8.5667,555,"ZUERICH FLUNTERN, SZ"
zurich,47.378142,8.565853,555,2021,8/04/2021,103,1,0.5,2.6,-1.6,NA,8.1,0.4,NA,47.3831,8.5667,555,"ZUERICH FLUNTERN, SZ"
maria,46.603092,10.421956,1390,2004,14/05/2004,140,NA,NA,NA,NA,NA,NA,NA,NA,NA,NA,NA,NA
maria,46.603092,10.421956,1390,2005,10/05/2005,135,NA,NA,NA,NA,NA,NA,NA,NA,NA,NA,NA,NA
maria,46.603092,10.421956,1390,2006,15/05/2006,140,NA,NA,NA,NA,NA,NA,NA,NA,NA,NA,NA,NA
maria,46.603092,10.421956,1390,2008,10/05/2008,136,NA,NA,NA,NA,NA,NA,NA,NA,NA,NA,NA,NA
maria,46.603092,10.421956,1390,2009,9/05/2009,134,NA,NA,NA,NA,NA,NA,NA,NA,NA,NA,NA,NA
maria,46.603092,10.421956,1390,2010,12/05/2010,137,NA,NA,NA,NA,NA,NA,NA,NA,NA,NA,NA,NA
maria,46.603092,10.421956,1390,2011,23/04/2011,118,NA,NA,NA,NA,NA,NA,NA,NA,NA,NA,NA,NA
maria,46.603092,10.421956,1390,2012,2/05/2012,128,NA,NA,NA,NA,NA,NA,NA,NA,NA,NA,NA,NA
maria,46.603092,10.421956,1390,2013,8/05/2013,133,1,NA,2.3,NA,NA,-0.7,NA,NA,46.6,10.433,1390,"STATION MARIA VAL MUESTAIR, SZ"
maria,46.603092,10.421956,1390,2014,1/05/2014,126,1,NA,NA,NA,NA,1.4,NA,NA,46.6,10.433,1390,"STATION MARIA VAL MUESTAIR, SZ"
maria,46.603092,10.421956,1390,2015,4/05/2015,129,1,NA,NA,NA,NA,1.3,NA,NA,46.6,10.433,1390,"STATION MARIA VAL MUESTAIR, SZ"
maria,46.603092,10.421956,1390,2016,7/05/2016,133,NA,NA,NA,NA,NA,NA,NA,NA,NA,NA,NA,NA
maria,46.603092,10.421956,1390,2017,17/04/2017,112,NA,NA,NA,NA,NA,NA,NA,NA,NA,NA,NA,NA
maria,46.603092,10.421956,1390,2018,3/05/2018,128,NA,NA,NA,NA,NA,NA,NA,NA,NA,NA,NA,NA
maria,46.603092,10.421956,1390,2019,1/05/2019,126,1,NA,NA,NA,NA,NA,NA,NA,46.6,10.433,1390,"STATION MARIA VAL MUESTAIR, SZ"
maria,46.603092,10.421956,1390,2020,23/04/2020,119,NA,NA,NA,NA,NA,NA,NA,NA,NA,NA,NA,NA
maria,46.603092,10.421956,1390,2021,5/05/2021,130,NA,NA,NA,NA,NA,NA,NA,NA,NA,NA,NA,NA
wildhaus,47.205022,9.352617,1100,2005,18/05/2005,143,1,-8.6,-5.6,-11.6,NA,-9.1,-14.7,NA,47.25,9.35,2502,"SAENTIS, SZ"
wildhaus,47.205022,9.352617,1100,2006,22/05/2006,147,1,-7.4,-4.8,-9.9,NA,-6.2,-11.3,NA,47.25,9.35,2502,"SAENTIS, SZ"
wildhaus,47.205022,9.352617,1100,2007,27/04/2007,122,1,-5.2,-2.6,-7.8,NA,-2.2,-7.1,NA,47.25,9.35,2502,"SAENTIS, SZ"
wildhaus,47.205022,9.352617,1100,2008,12/05/2008,138,1,-4.8,-1.9,-7.7,NA,-2.2,-6.4,NA,47.25,9.35,2502,"SAENTIS, SZ"
wildhaus,47.205022,9.352617,1100,2009,10/05/2009,135,1,-7.8,-5.3,-10.2,NA,-6.9,-12,NA,47.25,9.35,2502,"SAENTIS, SZ"
wildhaus,47.205022,9.352617,1100,2010,19/05/2010,144,1,-9.6,-7,-12.1,NA,-6.5,-11.8,NA,47.25,9.35,2502,"SAENTIS, SZ"
wildhaus,47.205022,9.352617,1100,2011,2/05/2011,127,1,-7.2,-5,-9.4,NA,-3.7,-7.6,NA,47.25,9.35,2502,"SAENTIS, SZ"
wildhaus,47.205022,9.352617,1100,2012,6/05/2012,132,1,-7.6,-5.2,-10.1,NA,-8.6,-14.4,NA,47.25,9.35,2502,"SAENTIS, SZ"
wildhaus,47.205022,9.352617,1100,2013,10/05/2013,135,1,-7.9,-5.3,-10.4,NA,-9.4,-13.9,NA,47.25,9.35,2502,"SAENTIS, SZ"
wildhaus,47.205022,9.352617,1100,2014,8/05/2014,133,1,-5.4,-2.7,-8.1,NA,-3,-9.1,NA,47.25,9.35,2502,"SAENTIS, SZ"
wildhaus,47.205022,9.352617,1100,2015,10/05/2015,135,1,-7.1,-4.3,-10,NA,-5.4,-10.5,NA,47.25,9.35,2502,"SAENTIS, SZ"
wildhaus,47.205022,9.352617,1100,2016,8/05/2016,134,1,-7,-4.9,-9.1,NA,-3.5,-9.9,NA,47.25,9.35,2502,"SAENTIS, SZ"
wildhaus,47.205022,9.352617,1100,2018,23/04/2018,118,1,-5,-2.5,-7.4,NA,-8.5,-13.9,NA,47.25,9.35,2502,"SAENTIS, SZ"
wildhaus,47.205022,9.352617,1100,2019,4/05/2019,129,1,-11.2,-8.6,-13.9,NA,-0.8,-5.8,NA,47.25,9.35,2502,"SAENTIS, SZ"
wildhaus,47.205022,9.352617,1100,2020,24/04/2020,120,1,-3.6,-0.7,-6.4,NA,-1.8,-8.1,NA,47.25,9.35,2502,"SAENTIS, SZ"
cartigny,46.177483,6.014089,400,2004,9/04/2004,105,1,2.7,5.8,-0.3,NA,7.7,-0.2,NA,46.25,6.1331,420,"GENEVE COINTRIN, SZ"
cartigny,46.177483,6.014089,400,2005,11/04/2005,106,1,1.1,4.8,-2.7,NA,3.7,-2.7,NA,46.25,6.1331,420,"GENEVE COINTRIN, SZ"
cartigny,46.177483,6.014089,400,2006,19/04/2006,114,1,0.3,3.1,-2.6,NA,4.9,-2.3,NA,46.25,6.1331,420,"GENEVE COINTRIN, SZ"
cartigny,46.177483,6.014089,400,2007,7/04/2007,102,1,4,7.9,0.1,NA,9.8,1.2,NA,46.25,6.1331,420,"GENEVE COINTRIN, SZ"
cartigny,46.177483,6.014089,400,2008,10/04/2008,106,1,3.7,7.9,-0.4,NA,9.4,-1.1,NA,46.25,6.1331,420,"GENEVE COINTRIN, SZ"
cartigny,46.177483,6.014089,400,2009,10/04/2009,105,1,-0.4,1.8,-2.6,NA,5.3,-1.8,NA,46.25,6.1331,420,"GENEVE COINTRIN, SZ"
cartigny,46.177483,6.014089,400,2010,12/04/2010,107,1,-0.6,2,-3.1,NA,5.2,-1.6,NA,46.25,6.1331,420,"GENEVE COINTRIN, SZ"
cartigny,46.177483,6.014089,400,2011,3/04/2011,98,1,2.5,5.6,-0.5,NA,8.3,-1.1,NA,46.25,6.1331,420,"GENEVE COINTRIN, SZ"
cartigny,46.177483,6.014089,400,2012,31/03/2012,96,1,2.8,5.9,-0.4,NA,2.2,-6.2,NA,46.25,6.1331,420,"GENEVE COINTRIN, SZ"
cartigny,46.177483,6.014089,400,2013,18/04/2013,113,1,1,4.2,-2.2,NA,3.3,-2.6,NA,46.25,6.1331,420,"GENEVE COINTRIN, SZ"
cartigny,46.177483,6.014089,400,2014,2/04/2014,97,1,3.9,7.1,0.7,NA,8.7,1.2,NA,46.25,6.1331,420,"GENEVE COINTRIN, SZ"
cartigny,46.177483,6.014089,400,2015,12/04/2015,107,1,2.4,6,-1.1,NA,5.1,-1.6,NA,46.25,6.1331,420,"GENEVE COINTRIN, SZ"
cartigny,46.177483,6.014089,400,2016,4/04/2016,100,1,4.1,7.5,0.7,NA,8.5,1,NA,46.25,6.1331,420,"GENEVE COINTRIN, SZ"
cartigny,46.177483,6.014089,400,2017,26/03/2017,90,1,NA,NA,NA,NA,9.9,-0.1,NA,46.25,6.1331,420,"GENEVE COINTRIN, SZ"
basel,47.548594,7.582372,315,2004,5/04/2004,101,1,NA,4.9,-0.4,NA,7.3,-0.7,NA,47.5331,7.5831,316,"BASEL BINNINGEN, SZ"
basel,47.548594,7.582372,315,2005,4/04/2005,99,1,NA,5.3,-1.3,NA,3.6,-2,NA,47.5331,7.5831,316,"BASEL BINNINGEN, SZ"
basel,47.548594,7.582372,315,2006,20/04/2006,115,1,NA,1.5,-3.9,NA,3.8,-1.5,NA,47.5331,7.5831,316,"BASEL BINNINGEN, SZ"
basel,47.548594,7.582372,315,2008,31/03/2008,96,1,NA,7.8,1.1,NA,10.1,0.2,NA,47.5331,7.5831,316,"BASEL BINNINGEN, SZ"
basel,47.548594,7.582372,315,2010,7/04/2010,102,1,NA,1.2,-2.9,NA,5.7,-0.6,NA,47.5331,7.5831,316,"BASEL BINNINGEN, SZ"
basel,47.548594,7.582372,315,2011,30/03/2011,94,1,NA,5.1,-0.3,NA,7.7,0.5,NA,47.5331,7.5831,316,"BASEL BINNINGEN, SZ"
basel,47.548594,7.582372,315,2012,28/03/2012,93,1,NA,6.6,1,NA,2,-6.5,NA,47.5331,7.5831,316,"BASEL BINNINGEN, SZ"
basel,47.548594,7.582372,315,2013,19/04/2013,114,1,NA,3.6,-0.8,NA,3.2,-2.5,NA,47.5331,7.5831,316,"BASEL BINNINGEN, SZ"
basel,47.548594,7.582372,315,2015,7/04/2015,102,1,NA,6.7,0.7,NA,5.2,-1.2,NA,47.5331,7.5831,316,"BASEL BINNINGEN, SZ"
basel,47.548594,7.582372,315,2016,3/04/2016,99,1,NA,6.8,0.8,NA,8.1,1.6,NA,47.5331,7.5831,316,"BASEL BINNINGEN, SZ"
basel,47.548594,7.582372,315,2017,27/03/2017,91,1,NA,NA,NA,NA,9.7,1.9,NA,47.5331,7.5831,316,"BASEL BINNINGEN, SZ"
basel,47.548594,7.582372,315,2018,12/04/2018,107,1,NA,9.1,3.6,NA,2.8,-1.9,NA,47.5331,7.5831,316,"BASEL BINNINGEN, SZ"
basel,47.548594,7.582372,315,2020,19/03/2020,84,1,NA,7.3,0.2,NA,12.8,3.2,NA,47.5331,7.5831,316,"BASEL BINNINGEN, SZ"
basel,47.548594,7.582372,315,2021,27/03/2021,91,1,NA,4.4,-0.6,NA,9.8,1,NA,47.5331,7.5831,316,"BASEL BINNINGEN, SZ"
vancouver,49.2237,-123.1636,24,2022,27/03/2022,87,2,NA,6.6,1.9,NA,7.4,1.2,NA,49.2,-123.1833,4,vancouver_INT
vancouver,49.2237,-123.1636,24,2023,7/04/2023,98,2,NA,8.1,3,NA,7.1,1.6,NA,49.2,-123.1833,4,vancouver_INT
